  0.00000000E+00 -0.14461700E+02
  0.89411573E-01 -0.14726700E+02
  0.17882315E+00 -0.14981900E+02
  0.26823472E+00 -0.15226200E+02
  0.35764629E+00 -0.15459100E+02
  0.44705787E+00 -0.15679800E+02
  0.53646944E+00 -0.15888000E+02
  0.62588101E+00 -0.16083100E+02
  0.71529259E+00 -0.16264900E+02
  0.80470416E+00 -0.16433000E+02
  0.89411573E+00 -0.16587100E+02
  0.98352731E+00 -0.16727200E+02
  0.10729389E+01 -0.16852900E+02
  0.11623505E+01 -0.16964100E+02
  0.12517620E+01 -0.17060800E+02
  0.13411736E+01 -0.17142700E+02
  0.14305852E+01 -0.17209900E+02
  0.15199967E+01 -0.17262200E+02
  0.16094083E+01 -0.17299600E+02
  0.16988199E+01 -0.17322100E+02
  0.17905341E+01 -0.17329600E+02
  0.18822482E+01 -0.17323200E+02
  0.19739624E+01 -0.17304000E+02
  0.20656765E+01 -0.17272100E+02
  0.21573907E+01 -0.17227800E+02
  0.22491049E+01 -0.17171100E+02
  0.23408190E+01 -0.17102400E+02
  0.24325332E+01 -0.17022000E+02
  0.25242474E+01 -0.16930600E+02
  0.26159615E+01 -0.16828500E+02
  0.27076757E+01 -0.16716700E+02
  0.27993899E+01 -0.16595800E+02
  0.28911040E+01 -0.16467000E+02
  0.29828182E+01 -0.16331600E+02
  0.30745324E+01 -0.16191000E+02
  0.31639439E+01 -0.16047000E+02
  
  0.00000000E+00 -0.14461700E+02
  0.89411573E-01 -0.14187800E+02
  0.17882315E+00 -0.13906400E+02
  0.26823472E+00 -0.13619100E+02
  0.35764629E+00 -0.13328000E+02
  0.44705787E+00 -0.13109900E+02
  0.53646944E+00 -0.13328200E+02
  0.62588101E+00 -0.13532200E+02
  0.71529259E+00 -0.13721600E+02
  0.80470416E+00 -0.13896300E+02
  0.89411573E+00 -0.14056100E+02
  0.98352731E+00 -0.14201000E+02
  0.10729389E+01 -0.14330900E+02
  0.11623505E+01 -0.14445700E+02
  0.12517620E+01 -0.14545300E+02
  0.13411736E+01 -0.14629700E+02
  0.14305852E+01 -0.14698800E+02
  0.15199967E+01 -0.14752600E+02
  0.16094083E+01 -0.14791100E+02
  0.16988199E+01 -0.14814100E+02
  0.17905341E+01 -0.14821800E+02
  0.18822482E+01 -0.14825700E+02
  0.19739624E+01 -0.14837600E+02
  0.20656765E+01 -0.14858300E+02
  0.21573907E+01 -0.14889200E+02
  0.22491049E+01 -0.14931900E+02
  0.23408190E+01 -0.14987700E+02
  0.24325332E+01 -0.15058000E+02
  0.25242474E+01 -0.15143400E+02
  0.26159615E+01 -0.15243400E+02
  0.27076757E+01 -0.15357000E+02
  0.27993899E+01 -0.15482300E+02
  0.28911040E+01 -0.15616600E+02
  0.29828182E+01 -0.15757300E+02
  0.30745324E+01 -0.15901600E+02
  0.31639439E+01 -0.16047000E+02
  
  0.00000000E+00 -0.11809800E+02
  0.89411573E-01 -0.12096600E+02
  0.17882315E+00 -0.12370400E+02
  0.26823472E+00 -0.12630700E+02
  0.35764629E+00 -0.12877300E+02
  0.44705787E+00 -0.13035600E+02
  0.53646944E+00 -0.12745000E+02
  0.62588101E+00 -0.12459900E+02
  0.71529259E+00 -0.12184900E+02
  0.80470416E+00 -0.11925100E+02
  0.89411573E+00 -0.11685700E+02
  0.98352731E+00 -0.11471700E+02
  0.10729389E+01 -0.11287100E+02
  0.11623505E+01 -0.11133600E+02
  0.12517620E+01 -0.11011000E+02
  0.13411736E+01 -0.10916600E+02
  0.14305852E+01 -0.10847000E+02
  0.15199967E+01 -0.10797900E+02
  0.16094083E+01 -0.10765700E+02
  0.16988199E+01 -0.10747600E+02
  0.17905341E+01 -0.10741700E+02
  0.18822482E+01 -0.10759500E+02
  0.19739624E+01 -0.10809600E+02
  0.20656765E+01 -0.10883900E+02
  0.21573907E+01 -0.10971300E+02
  0.22491049E+01 -0.11060600E+02
  0.23408190E+01 -0.11141500E+02
  0.24325332E+01 -0.11205900E+02
  0.25242474E+01 -0.11247700E+02
  0.26159615E+01 -0.11263100E+02
  0.27076757E+01 -0.11249900E+02
  0.27993899E+01 -0.11207700E+02
  0.28911040E+01 -0.11137200E+02
  0.29828182E+01 -0.11039900E+02
  0.30745324E+01 -0.10917600E+02
  0.31639439E+01 -0.10772400E+02
  
  0.00000000E+00 -0.11809800E+02
  0.89411573E-01 -0.11510200E+02
  0.17882315E+00 -0.11198500E+02
  0.26823472E+00 -0.10875200E+02
  0.35764629E+00 -0.10541100E+02
  0.44705787E+00 -0.10197300E+02
  0.53646944E+00 -0.98449000E+01
  0.62588101E+00 -0.94857000E+01
  0.71529259E+00 -0.91220000E+01
  0.80470416E+00 -0.87567000E+01
  0.89411573E+00 -0.83944000E+01
  0.98352731E+00 -0.80410000E+01
  0.10729389E+01 -0.77053000E+01
  0.11623505E+01 -0.77271000E+01
  0.12517620E+01 -0.78029000E+01
  0.13411736E+01 -0.78680000E+01
  0.14305852E+01 -0.79220000E+01
  0.15199967E+01 -0.79643000E+01
  0.16094083E+01 -0.79947000E+01
  0.16988199E+01 -0.80131000E+01
  0.17905341E+01 -0.80192000E+01
  0.18822482E+01 -0.80442000E+01
  0.19739624E+01 -0.81191000E+01
  0.20656765E+01 -0.82421000E+01
  0.21573907E+01 -0.84075000E+01
  0.22491049E+01 -0.86061000E+01
  0.23408190E+01 -0.88276000E+01
  0.24325332E+01 -0.90625000E+01
  0.25242474E+01 -0.93030000E+01
  0.26159615E+01 -0.95433000E+01
  0.27076757E+01 -0.97786000E+01
  0.27993899E+01 -0.10005400E+02
  0.28911040E+01 -0.10220600E+02
  0.29828182E+01 -0.10421700E+02
  0.30745324E+01 -0.10606400E+02
  0.31639439E+01 -0.10772400E+02
  
  0.00000000E+00 -0.67759000E+01
  0.89411573E-01 -0.68442000E+01
  0.17882315E+00 -0.69319000E+01
  0.26823472E+00 -0.70294000E+01
  0.35764629E+00 -0.71281000E+01
  0.44705787E+00 -0.72204000E+01
  0.53646944E+00 -0.72996000E+01
  0.62588101E+00 -0.73594000E+01
  0.71529259E+00 -0.73939000E+01
  0.80470416E+00 -0.73976000E+01
  0.89411573E+00 -0.74443000E+01
  0.98352731E+00 -0.75467000E+01
  0.10729389E+01 -0.76414000E+01
  0.11623505E+01 -0.73984000E+01
  0.12517620E+01 -0.71335000E+01
  0.13411736E+01 -0.69217000E+01
  0.14305852E+01 -0.67668000E+01
  0.15199967E+01 -0.67449000E+01
  0.16094083E+01 -0.67783000E+01
  0.16988199E+01 -0.67984000E+01
  0.17905341E+01 -0.68051000E+01
  0.18822482E+01 -0.67700000E+01
  0.19739624E+01 -0.66675000E+01
  0.20656765E+01 -0.66084000E+01
  0.21573907E+01 -0.66122000E+01
  0.22491049E+01 -0.65935000E+01
  0.23408190E+01 -0.65514000E+01
  0.24325332E+01 -0.64872000E+01
  0.25242474E+01 -0.64031000E+01
  0.26159615E+01 -0.63008000E+01
  0.27076757E+01 -0.61819000E+01
  0.27993899E+01 -0.60476000E+01
  0.28911040E+01 -0.58989000E+01
  0.29828182E+01 -0.57368000E+01
  0.30745324E+01 -0.55622000E+01
  0.31639439E+01 -0.53760000E+01
  
  0.00000000E+00 -0.67759000E+01
  0.89411573E-01 -0.67357000E+01
  0.17882315E+00 -0.67296000E+01
  0.26823472E+00 -0.67585000E+01
  0.35764629E+00 -0.68185000E+01
  0.44705787E+00 -0.69023000E+01
  0.53646944E+00 -0.70022000E+01
  0.62588101E+00 -0.71112000E+01
  0.71529259E+00 -0.72239000E+01
  0.80470416E+00 -0.73359000E+01
  0.89411573E+00 -0.73654000E+01
  0.98352731E+00 -0.72934000E+01
  0.10729389E+01 -0.71797000E+01
  0.11623505E+01 -0.70258000E+01
  0.12517620E+01 -0.68371000E+01
  0.13411736E+01 -0.66387000E+01
  0.14305852E+01 -0.66983000E+01
  0.15199967E+01 -0.66632000E+01
  0.16094083E+01 -0.66000000E+01
  0.16988199E+01 -0.65666000E+01
  0.17905341E+01 -0.65563000E+01
  0.18822482E+01 -0.65662000E+01
  0.19739624E+01 -0.65887000E+01
  0.20656765E+01 -0.65056000E+01
  0.21573907E+01 -0.62947000E+01
  0.22491049E+01 -0.60455000E+01
  0.23408190E+01 -0.57679000E+01
  0.24325332E+01 -0.55897000E+01
  0.25242474E+01 -0.55210000E+01
  0.26159615E+01 -0.54452000E+01
  0.27076757E+01 -0.53633000E+01
  0.27993899E+01 -0.52763000E+01
  0.28911040E+01 -0.51854000E+01
  0.29828182E+01 -0.50918000E+01
  0.30745324E+01 -0.51793000E+01
  0.31639439E+01 -0.53760000E+01
  
  0.00000000E+00 -0.48051000E+01
  0.89411573E-01 -0.49019000E+01
  0.17882315E+00 -0.50207000E+01
  0.26823472E+00 -0.51554000E+01
  0.35764629E+00 -0.53002000E+01
  0.44705787E+00 -0.54501000E+01
  0.53646944E+00 -0.56011000E+01
  0.62588101E+00 -0.57497000E+01
  0.71529259E+00 -0.58934000E+01
  0.80470416E+00 -0.60302000E+01
  0.89411573E+00 -0.61585000E+01
  0.98352731E+00 -0.62771000E+01
  0.10729389E+01 -0.63851000E+01
  0.11623505E+01 -0.64817000E+01
  0.12517620E+01 -0.65664000E+01
  0.13411736E+01 -0.66232000E+01
  0.14305852E+01 -0.63984000E+01
  0.15199967E+01 -0.61818000E+01
  0.16094083E+01 -0.59973000E+01
  0.16988199E+01 -0.58712000E+01
  0.17905341E+01 -0.58261000E+01
  0.18822482E+01 -0.58211000E+01
  0.19739624E+01 -0.58062000E+01
  0.20656765E+01 -0.57814000E+01
  0.21573907E+01 -0.57470000E+01
  0.22491049E+01 -0.57033000E+01
  0.23408190E+01 -0.56507000E+01
  0.24325332E+01 -0.54705000E+01
  0.25242474E+01 -0.51612000E+01
  0.26159615E+01 -0.48490000E+01
  0.27076757E+01 -0.45650000E+01
  0.27993899E+01 -0.45625000E+01
  0.28911040E+01 -0.47627000E+01
  0.29828182E+01 -0.49737000E+01
  0.30745324E+01 -0.49969000E+01
  0.31639439E+01 -0.49025000E+01
  
  0.00000000E+00 -0.48051000E+01
  0.89411573E-01 -0.47353000E+01
  0.17882315E+00 -0.46957000E+01
  0.26823472E+00 -0.46864000E+01
  0.35764629E+00 -0.47045000E+01
  0.44705787E+00 -0.47445000E+01
  0.53646944E+00 -0.48001000E+01
  0.62588101E+00 -0.48643000E+01
  0.71529259E+00 -0.49307000E+01
  0.80470416E+00 -0.49929000E+01
  0.89411573E+00 -0.50446000E+01
  0.98352731E+00 -0.50790000E+01
  0.10729389E+01 -0.50881000E+01
  0.11623505E+01 -0.50627000E+01
  0.12517620E+01 -0.49936000E+01
  0.13411736E+01 -0.48764000E+01
  0.14305852E+01 -0.47174000E+01
  0.15199967E+01 -0.45374000E+01
  0.16094083E+01 -0.43685000E+01
  0.16988199E+01 -0.42466000E+01
  0.17905341E+01 -0.42019000E+01
  0.18822482E+01 -0.42041000E+01
  0.19739624E+01 -0.42107000E+01
  0.20656765E+01 -0.42221000E+01
  0.21573907E+01 -0.42388000E+01
  0.22491049E+01 -0.42616000E+01
  0.23408190E+01 -0.42911000E+01
  0.24325332E+01 -0.43282000E+01
  0.25242474E+01 -0.43733000E+01
  0.26159615E+01 -0.44269000E+01
  0.27076757E+01 -0.44890000E+01
  0.27993899E+01 -0.45593000E+01
  0.28911040E+01 -0.46369000E+01
  0.29828182E+01 -0.47209000E+01
  0.30745324E+01 -0.48099000E+01
  0.31639439E+01 -0.49025000E+01
  
  0.00000000E+00 -0.42519000E+01
  0.89411573E-01 -0.43097000E+01
  0.17882315E+00 -0.43231000E+01
  0.26823472E+00 -0.42947000E+01
  0.35764629E+00 -0.42335000E+01
  0.44705787E+00 -0.41530000E+01
  0.53646944E+00 -0.40683000E+01
  0.62588101E+00 -0.39931000E+01
  0.71529259E+00 -0.39377000E+01
  0.80470416E+00 -0.39068000E+01
  0.89411573E+00 -0.38999000E+01
  0.98352731E+00 -0.39125000E+01
  0.10729389E+01 -0.39388000E+01
  0.11623505E+01 -0.39730000E+01
  0.12517620E+01 -0.40103000E+01
  0.13411736E+01 -0.40469000E+01
  0.14305852E+01 -0.40799000E+01
  0.15199967E+01 -0.41074000E+01
  0.16094083E+01 -0.41280000E+01
  0.16988199E+01 -0.41406000E+01
  0.17905341E+01 -0.41449000E+01
  0.18822482E+01 -0.40987000E+01
  0.19739624E+01 -0.39680000E+01
  0.20656765E+01 -0.37713000E+01
  0.21573907E+01 -0.35298000E+01
  0.22491049E+01 -0.32628000E+01
  0.23408190E+01 -0.33020000E+01
  0.24325332E+01 -0.35462000E+01
  0.25242474E+01 -0.37881000E+01
  0.26159615E+01 -0.40226000E+01
  0.27076757E+01 -0.42214000E+01
  0.27993899E+01 -0.41336000E+01
  0.28911040E+01 -0.38403000E+01
  0.29828182E+01 -0.35353000E+01
  0.30745324E+01 -0.32374000E+01
  0.31639439E+01 -0.29538000E+01
  
  0.00000000E+00 -0.42519000E+01
  0.89411573E-01 -0.41530000E+01
  0.17882315E+00 -0.40202000E+01
  0.26823472E+00 -0.38618000E+01
  0.35764629E+00 -0.36858000E+01
  0.44705787E+00 -0.34994000E+01
  0.53646944E+00 -0.33090000E+01
  0.62588101E+00 -0.31202000E+01
  0.71529259E+00 -0.29380000E+01
  0.80470416E+00 -0.27668000E+01
  0.89411573E+00 -0.26100000E+01
  0.98352731E+00 -0.24704000E+01
  0.10729389E+01 -0.23497000E+01
  0.11623505E+01 -0.22487000E+01
  0.12517620E+01 -0.21673000E+01
  0.13411736E+01 -0.21053000E+01
  0.14305852E+01 -0.20622000E+01
  0.15199967E+01 -0.20373000E+01
  0.16094083E+01 -0.20289000E+01
  0.16988199E+01 -0.20311000E+01
  0.17905341E+01 -0.20338000E+01
  0.18822482E+01 -0.21554000E+01
  0.19739624E+01 -0.23610000E+01
  0.20656765E+01 -0.25851000E+01
  0.21573907E+01 -0.28188000E+01
  0.22491049E+01 -0.30586000E+01
  0.23408190E+01 -0.29874000E+01
  0.24325332E+01 -0.27202000E+01
  0.25242474E+01 -0.24802000E+01
  0.26159615E+01 -0.22919000E+01
  0.27076757E+01 -0.21854000E+01
  0.27993899E+01 -0.21839000E+01
  0.28911040E+01 -0.22846000E+01
  0.29828182E+01 -0.24627000E+01
  0.30745324E+01 -0.26918000E+01
  0.31639439E+01 -0.29538000E+01
  
  0.00000000E+00 -0.87500000E+00
  0.89411573E-01 -0.89400000E+00
  0.17882315E+00 -0.85770000E+00
  0.26823472E+00 -0.89290000E+00
  0.35764629E+00 -0.10268000E+01
  0.44705787E+00 -0.11209000E+01
  0.53646944E+00 -0.11678000E+01
  0.62588101E+00 -0.11606000E+01
  0.71529259E+00 -0.10953000E+01
  0.80470416E+00 -0.97190000E+00
  0.89411573E+00 -0.10724000E+01
  0.98352731E+00 -0.12023000E+01
  0.10729389E+01 -0.13199000E+01
  0.11623505E+01 -0.14246000E+01
  0.12517620E+01 -0.15159000E+01
  0.13411736E+01 -0.15936000E+01
  0.14305852E+01 -0.16574000E+01
  0.15199967E+01 -0.17071000E+01
  0.16094083E+01 -0.17427000E+01
  0.16988199E+01 -0.17641000E+01
  0.17905341E+01 -0.17713000E+01
  0.18822482E+01 -0.16565000E+01
  0.19739624E+01 -0.14708000E+01
  0.20656765E+01 -0.12781000E+01
  0.21573907E+01 -0.10878000E+01
  0.22491049E+01 -0.92420000E+00
  0.23408190E+01 -0.83370000E+00
  0.24325332E+01 -0.76760000E+00
  0.25242474E+01 -0.70050000E+00
  0.26159615E+01 -0.63030000E+00
  0.27076757E+01 -0.58150000E+00
  0.27993899E+01 -0.58930000E+00
  0.28911040E+01 -0.54410000E+00
  0.29828182E+01 -0.47540000E+00
  0.30745324E+01 -0.41250000E+00
  0.31639439E+01 -0.37360000E+00
  
  0.00000000E+00 -0.87500000E+00
  0.89411573E-01 -0.80540000E+00
  0.17882315E+00 -0.72570000E+00
  0.26823472E+00 -0.76480000E+00
  0.35764629E+00 -0.61760000E+00
  0.44705787E+00 -0.42100000E+00
  0.53646944E+00 -0.48180000E+00
  0.62588101E+00 -0.62690000E+00
  0.71529259E+00 -0.78120000E+00
  0.80470416E+00 -0.93130000E+00
  0.89411573E+00 -0.79530000E+00
  0.98352731E+00 -0.57400000E+00
  0.10729389E+01 -0.31780000E+00
  0.11623505E+01 -0.37200000E-01
  0.12517620E+01  0.25740000E+00
  0.13411736E+01  0.41430000E+00
  0.14305852E+01 -0.37100000E-01
  0.15199967E+01 -0.41970000E+00
  0.16094083E+01 -0.71240000E+00
  0.16988199E+01 -0.89570000E+00
  0.17905341E+01 -0.95780000E+00
  0.18822482E+01 -0.95340000E+00
  0.19739624E+01 -0.93980000E+00
  0.20656765E+01 -0.91560000E+00
  0.21573907E+01 -0.87650000E+00
  0.22491049E+01 -0.79720000E+00
  0.23408190E+01 -0.63050000E+00
  0.24325332E+01 -0.42500000E+00
  0.25242474E+01 -0.40280000E+00
  0.26159615E+01 -0.51320000E+00
  0.27076757E+01 -0.55900000E+00
  0.27993899E+01 -0.49060000E+00
  0.28911040E+01 -0.43080000E+00
  0.29828182E+01 -0.38650000E+00
  0.30745324E+01 -0.36540000E+00
  0.31639439E+01 -0.37360000E+00
  
  0.00000000E+00 -0.31350000E+00
  0.89411573E-01 -0.53110000E+00
  0.17882315E+00 -0.69420000E+00
  0.26823472E+00 -0.55640000E+00
  0.35764629E+00 -0.42670000E+00
  0.44705787E+00 -0.38940000E+00
  0.53646944E+00 -0.18110000E+00
  0.62588101E+00  0.95500000E-01
  0.71529259E+00  0.40230000E+00
  0.80470416E+00  0.73240000E+00
  0.89411573E+00  0.10774000E+01
  0.98352731E+00  0.14230000E+01
  0.10729389E+01  0.17340000E+01
  0.11623505E+01  0.14500000E+01
  0.12517620E+01  0.91600000E+00
  0.13411736E+01  0.55490000E+00
  0.14305852E+01  0.84240000E+00
  0.15199967E+01  0.76720000E+00
  0.16094083E+01  0.47990000E+00
  0.16988199E+01  0.28890000E+00
  0.17905341E+01  0.22160000E+00
  0.18822482E+01  0.21150000E+00
  0.19739624E+01  0.18120000E+00
  0.20656765E+01  0.12990000E+00
  0.21573907E+01  0.57100000E-01
  0.22491049E+01 -0.36900000E-01
  0.23408190E+01 -0.14970000E+00
  0.24325332E+01 -0.27540000E+00
  0.25242474E+01 -0.20810000E+00
  0.26159615E+01  0.14000000E-01
  0.27076757E+01  0.23680000E+00
  0.27993899E+01  0.45530000E+00
  0.28911040E+01  0.66450000E+00
  0.29828182E+01  0.86050000E+00
  0.30745324E+01  0.10428000E+01
  0.31639439E+01  0.11468000E+01
  
  0.00000000E+00 -0.31350000E+00
  0.89411573E-01 -0.77000000E-01
  0.17882315E+00  0.17530000E+00
  0.26823472E+00  0.35830000E+00
  0.35764629E+00  0.21190000E+00
  0.44705787E+00  0.19810000E+00
  0.53646944E+00  0.34990000E+00
  0.62588101E+00  0.58660000E+00
  0.71529259E+00  0.86090000E+00
  0.80470416E+00  0.11560000E+01
  0.89411573E+00  0.14632000E+01
  0.98352731E+00  0.17751000E+01
  0.10729389E+01  0.19858000E+01
  0.11623505E+01  0.19071000E+01
  0.12517620E+01  0.17960000E+01
  0.13411736E+01  0.14829000E+01
  0.14305852E+01  0.11158000E+01
  0.15199967E+01  0.11040000E+01
  0.16094083E+01  0.13191000E+01
  0.16988199E+01  0.14637000E+01
  0.17905341E+01  0.15151000E+01
  0.18822482E+01  0.15000000E+01
  0.19739624E+01  0.14565000E+01
  0.20656765E+01  0.13900000E+01
  0.21573907E+01  0.13082000E+01
  0.22491049E+01  0.12192000E+01
  0.23408190E+01  0.11311000E+01
  0.24325332E+01  0.10509000E+01
  0.25242474E+01  0.98430000E+00
  0.26159615E+01  0.93590000E+00
  0.27076757E+01  0.90910000E+00
  0.27993899E+01  0.90610000E+00
  0.28911040E+01  0.92830000E+00
  0.29828182E+01  0.97600000E+00
  0.30745324E+01  0.10491000E+01
  0.31639439E+01  0.11468000E+01
  
  0.00000000E+00  0.10208000E+01
  0.89411573E-01  0.78240000E+00
  0.17882315E+00  0.55830000E+00
  0.26823472E+00  0.44020000E+00
  0.35764629E+00  0.71470000E+00
  0.44705787E+00  0.99580000E+00
  0.53646944E+00  0.12803000E+01
  0.62588101E+00  0.15650000E+01
  0.71529259E+00  0.18462000E+01
  0.80470416E+00  0.21173000E+01
  0.89411573E+00  0.23523000E+01
  0.98352731E+00  0.23877000E+01
  0.10729389E+01  0.20807000E+01
  0.11623505E+01  0.23392000E+01
  0.12517620E+01  0.24070000E+01
  0.13411736E+01  0.23524000E+01
  0.14305852E+01  0.22894000E+01
  0.15199967E+01  0.22367000E+01
  0.16094083E+01  0.21980000E+01
  0.16988199E+01  0.21745000E+01
  0.17905341E+01  0.21666000E+01
  0.18822482E+01  0.21850000E+01
  0.19739624E+01  0.22390000E+01
  0.20656765E+01  0.22856000E+01
  0.21573907E+01  0.23472000E+01
  0.22491049E+01  0.24251000E+01
  0.23408190E+01  0.25168000E+01
  0.24325332E+01  0.26015000E+01
  0.25242474E+01  0.24052000E+01
  0.26159615E+01  0.21766000E+01
  0.27076757E+01  0.19607000E+01
  0.27993899E+01  0.17600000E+01
  0.28911040E+01  0.15764000E+01
  0.29828182E+01  0.14120000E+01
  0.30745324E+01  0.12683000E+01
  0.31639439E+01  0.12144000E+01
  
  0.00000000E+00  0.10208000E+01
  0.89411573E-01  0.12688000E+01
  0.17882315E+00  0.15233000E+01
  0.26823472E+00  0.17810000E+01
  0.35764629E+00  0.20385000E+01
  0.44705787E+00  0.22918000E+01
  0.53646944E+00  0.25353000E+01
  0.62588101E+00  0.27619000E+01
  0.71529259E+00  0.29613000E+01
  0.80470416E+00  0.31181000E+01
  0.89411573E+00  0.30142000E+01
  0.98352731E+00  0.28638000E+01
  0.10729389E+01  0.27282000E+01
  0.11623505E+01  0.26077000E+01
  0.12517620E+01  0.25027000E+01
  0.13411736E+01  0.24134000E+01
  0.14305852E+01  0.23399000E+01
  0.15199967E+01  0.22821000E+01
  0.16094083E+01  0.22401000E+01
  0.16988199E+01  0.22143000E+01
  0.17905341E+01  0.22055000E+01
  0.18822482E+01  0.22145000E+01
  0.19739624E+01  0.22412000E+01
  0.20656765E+01  0.23251000E+01
  0.21573907E+01  0.24388000E+01
  0.22491049E+01  0.25748000E+01
  0.23408190E+01  0.27285000E+01
  0.24325332E+01  0.26437000E+01
  0.25242474E+01  0.24934000E+01
  0.26159615E+01  0.22946000E+01
  0.27076757E+01  0.20970000E+01
  0.27993899E+01  0.19064000E+01
  0.28911040E+01  0.17240000E+01
  0.29828182E+01  0.15496000E+01
  0.30745324E+01  0.13812000E+01
  0.31639439E+01  0.12144000E+01
  
  0.00000000E+00  0.45112000E+01
  0.89411573E-01  0.44554000E+01
  0.17882315E+00  0.43815000E+01
  0.26823472E+00  0.43114000E+01
  0.35764629E+00  0.41420000E+01
  0.44705787E+00  0.39446000E+01
  0.53646944E+00  0.37428000E+01
  0.62588101E+00  0.35452000E+01
  0.71529259E+00  0.33562000E+01
  0.80470416E+00  0.31787000E+01
  0.89411573E+00  0.30243000E+01
  0.98352731E+00  0.28743000E+01
  0.10729389E+01  0.27501000E+01
  0.11623505E+01  0.26866000E+01
  0.12517620E+01  0.28205000E+01
  0.13411736E+01  0.30720000E+01
  0.14305852E+01  0.30148000E+01
  0.15199967E+01  0.29552000E+01
  0.16094083E+01  0.29123000E+01
  0.16988199E+01  0.28862000E+01
  0.17905341E+01  0.28774000E+01
  0.18822482E+01  0.28862000E+01
  0.19739624E+01  0.29124000E+01
  0.20656765E+01  0.29555000E+01
  0.21573907E+01  0.30137000E+01
  0.22491049E+01  0.30710000E+01
  0.23408190E+01  0.28886000E+01
  0.24325332E+01  0.27692000E+01
  0.25242474E+01  0.27892000E+01
  0.26159615E+01  0.29233000E+01
  0.27076757E+01  0.30794000E+01
  0.27993899E+01  0.32512000E+01
  0.28911040E+01  0.34371000E+01
  0.29828182E+01  0.36356000E+01
  0.30745324E+01  0.38447000E+01
  0.31639439E+01  0.40604000E+01
  
  0.00000000E+00  0.45112000E+01
  0.89411573E-01  0.45189000E+01
  0.17882315E+00  0.44541000E+01
  0.26823472E+00  0.43200000E+01
  0.35764629E+00  0.42600000E+01
  0.44705787E+00  0.40452000E+01
  0.53646944E+00  0.38073000E+01
  0.62588101E+00  0.35859000E+01
  0.71529259E+00  0.33814000E+01
  0.80470416E+00  0.31939000E+01
  0.89411573E+00  0.32092000E+01
  0.98352731E+00  0.31163000E+01
  0.10729389E+01  0.31047000E+01
  0.11623505E+01  0.30204000E+01
  0.12517620E+01  0.31493000E+01
  0.13411736E+01  0.30908000E+01
  0.14305852E+01  0.32936000E+01
  0.15199967E+01  0.33679000E+01
  0.16094083E+01  0.33527000E+01
  0.16988199E+01  0.33350000E+01
  0.17905341E+01  0.33284000E+01
  0.18822482E+01  0.33403000E+01
  0.19739624E+01  0.33763000E+01
  0.20656765E+01  0.34361000E+01
  0.21573907E+01  0.33763000E+01
  0.22491049E+01  0.31350000E+01
  0.23408190E+01  0.29603000E+01
  0.24325332E+01  0.28963000E+01
  0.25242474E+01  0.30761000E+01
  0.26159615E+01  0.32670000E+01
  0.27076757E+01  0.34687000E+01
  0.27993899E+01  0.36818000E+01
  0.28911040E+01  0.39068000E+01
  0.29828182E+01  0.41430000E+01
  0.30745324E+01  0.42747000E+01
  0.31639439E+01  0.40605000E+01
  
  0.00000000E+00  0.54774000E+01
  0.89411573E-01  0.51592000E+01
  0.17882315E+00  0.48566000E+01
  0.26823472E+00  0.45700000E+01
  0.35764629E+00  0.42995000E+01
  0.44705787E+00  0.42374000E+01
  0.53646944E+00  0.42513000E+01
  0.62588101E+00  0.42897000E+01
  0.71529259E+00  0.40838000E+01
  0.80470416E+00  0.38934000E+01
  0.89411573E+00  0.34821000E+01
  0.98352731E+00  0.32054000E+01
  0.10729389E+01  0.32168000E+01
  0.11623505E+01  0.32926000E+01
  0.12517620E+01  0.31835000E+01
  0.13411736E+01  0.34550000E+01
  0.14305852E+01  0.35550000E+01
  0.15199967E+01  0.36578000E+01
  0.16094083E+01  0.38212000E+01
  0.16988199E+01  0.39404000E+01
  0.17905341E+01  0.39838000E+01
  0.18822482E+01  0.39330000E+01
  0.19739624E+01  0.37958000E+01
  0.20656765E+01  0.36020000E+01
  0.21573907E+01  0.34866000E+01
  0.22491049E+01  0.32551000E+01
  0.23408190E+01  0.32246000E+01
  0.24325332E+01  0.33282000E+01
  0.25242474E+01  0.34579000E+01
  0.26159615E+01  0.36064000E+01
  0.27076757E+01  0.37725000E+01
  0.27993899E+01  0.39555000E+01
  0.28911040E+01  0.41546000E+01
  0.29828182E+01  0.43684000E+01
  0.30745324E+01  0.43908000E+01
  0.31639439E+01  0.46247000E+01
  
  0.00000000E+00  0.54774000E+01
  0.89411573E-01  0.57065000E+01
  0.17882315E+00  0.54795000E+01
  0.26823472E+00  0.52372000E+01
  0.35764629E+00  0.49883000E+01
  0.44705787E+00  0.47440000E+01
  0.53646944E+00  0.45102000E+01
  0.62588101E+00  0.43070000E+01
  0.71529259E+00  0.43985000E+01
  0.80470416E+00  0.40632000E+01
  0.89411573E+00  0.37188000E+01
  0.98352731E+00  0.35604000E+01
  0.10729389E+01  0.34183000E+01
  0.11623505E+01  0.34898000E+01
  0.12517620E+01  0.36692000E+01
  0.13411736E+01  0.35881000E+01
  0.14305852E+01  0.38096000E+01
  0.15199967E+01  0.41322000E+01
  0.16094083E+01  0.43515000E+01
  0.16988199E+01  0.43112000E+01
  0.17905341E+01  0.42964000E+01
  0.18822482E+01  0.42182000E+01
  0.19739624E+01  0.40049000E+01
  0.20656765E+01  0.37463000E+01
  0.21573907E+01  0.35196000E+01
  0.22491049E+01  0.36261000E+01
  0.23408190E+01  0.37547000E+01
  0.24325332E+01  0.39038000E+01
  0.25242474E+01  0.40716000E+01
  0.26159615E+01  0.42558000E+01
  0.27076757E+01  0.44542000E+01
  0.27993899E+01  0.46632000E+01
  0.28911040E+01  0.46641000E+01
  0.29828182E+01  0.44814000E+01
  0.30745324E+01  0.45896000E+01
  0.31639439E+01  0.46248000E+01
  
  0.00000000E+00  0.59367000E+01
  0.89411573E-01  0.58108000E+01
  0.17882315E+00  0.60449000E+01
  0.26823472E+00  0.57801000E+01
  0.35764629E+00  0.55045000E+01
  0.44705787E+00  0.52452000E+01
  0.53646944E+00  0.50023000E+01
  0.62588101E+00  0.47761000E+01
  0.71529259E+00  0.45665000E+01
  0.80470416E+00  0.43737000E+01
  0.89411573E+00  0.41978000E+01
  0.98352731E+00  0.40390000E+01
  0.10729389E+01  0.38975000E+01
  0.11623505E+01  0.37738000E+01
  0.12517620E+01  0.38079000E+01
  0.13411736E+01  0.41487000E+01
  0.14305852E+01  0.44823000E+01
  0.15199967E+01  0.44100000E+01
  0.16094083E+01  0.43542000E+01
  0.16988199E+01  0.44620000E+01
  0.17905341E+01  0.44920000E+01
  0.18822482E+01  0.44668000E+01
  0.19739624E+01  0.44705000E+01
  0.20656765E+01  0.45078000E+01
  0.21573907E+01  0.45671000E+01
  0.22491049E+01  0.46455000E+01
  0.23408190E+01  0.47422000E+01
  0.24325332E+01  0.48568000E+01
  0.25242474E+01  0.49035000E+01
  0.26159615E+01  0.48793000E+01
  0.27076757E+01  0.48764000E+01
  0.27993899E+01  0.48364000E+01
  0.28911040E+01  0.48758000E+01
  0.29828182E+01  0.48754000E+01
  0.30745324E+01  0.48173000E+01
  0.31639439E+01  0.48145000E+01
  
  0.00000000E+00  0.59367000E+01
  0.89411573E-01  0.61723000E+01
  0.17882315E+00  0.60717000E+01
  0.26823472E+00  0.60199000E+01
  0.35764629E+00  0.60259000E+01
  0.44705787E+00  0.59792000E+01
  0.53646944E+00  0.58577000E+01
  0.62588101E+00  0.53702000E+01
  0.71529259E+00  0.47336000E+01
  0.80470416E+00  0.45874000E+01
  0.89411573E+00  0.47853000E+01
  0.98352731E+00  0.50352000E+01
  0.10729389E+01  0.49000000E+01
  0.11623505E+01  0.47755000E+01
  0.12517620E+01  0.46646000E+01
  0.13411736E+01  0.45671000E+01
  0.14305852E+01  0.45021000E+01
  0.15199967E+01  0.47962000E+01
  0.16094083E+01  0.47409000E+01
  0.16988199E+01  0.47027000E+01
  0.17905341E+01  0.46885000E+01
  0.18822482E+01  0.46990000E+01
  0.19739624E+01  0.47304000E+01
  0.20656765E+01  0.47823000E+01
  0.21573907E+01  0.48539000E+01
  0.22491049E+01  0.49438000E+01
  0.23408190E+01  0.50315000E+01
  0.24325332E+01  0.49545000E+01
  0.25242474E+01  0.49893000E+01
  0.26159615E+01  0.51390000E+01
  0.27076757E+01  0.50079000E+01
  0.27993899E+01  0.48842000E+01
  0.28911040E+01  0.48888000E+01
  0.29828182E+01  0.49627000E+01
  0.30745324E+01  0.49038000E+01
  0.31639439E+01  0.48147000E+01
  
  0.00000000E+00  0.64043000E+01
  0.89411573E-01  0.61946000E+01
  0.17882315E+00  0.61588000E+01
  0.26823472E+00  0.65202000E+01
  0.35764629E+00  0.68238000E+01
  0.44705787E+00  0.65830000E+01
  0.53646944E+00  0.60095000E+01
  0.62588101E+00  0.56957000E+01
  0.71529259E+00  0.55223000E+01
  0.80470416E+00  0.53514000E+01
  0.89411573E+00  0.51889000E+01
  0.98352731E+00  0.50380000E+01
  0.10729389E+01  0.49537000E+01
  0.11623505E+01  0.48393000E+01
  0.12517620E+01  0.48134000E+01
  0.13411736E+01  0.48382000E+01
  0.14305852E+01  0.48654000E+01
  0.15199967E+01  0.48552000E+01
  0.16094083E+01  0.51840000E+01
  0.16988199E+01  0.51875000E+01
  0.17905341E+01  0.51505000E+01
  0.18822482E+01  0.52359000E+01
  0.19739624E+01  0.53387000E+01
  0.20656765E+01  0.53194000E+01
  0.21573907E+01  0.52323000E+01
  0.22491049E+01  0.51284000E+01
  0.23408190E+01  0.50483000E+01
  0.24325332E+01  0.51583000E+01
  0.25242474E+01  0.52370000E+01
  0.26159615E+01  0.51726000E+01
  0.27076757E+01  0.53057000E+01
  0.27993899E+01  0.53349000E+01
  0.28911040E+01  0.51663000E+01
  0.29828182E+01  0.51707000E+01
  0.30745324E+01  0.50958000E+01
  0.31639439E+01  0.50229000E+01
  
  0.00000000E+00  0.64043000E+01
  0.89411573E-01  0.63788000E+01
  0.17882315E+00  0.64784000E+01
  0.26823472E+00  0.67598000E+01
  0.35764629E+00  0.68917000E+01
  0.44705787E+00  0.65906000E+01
  0.53646944E+00  0.63543000E+01
  0.62588101E+00  0.61389000E+01
  0.71529259E+00  0.59377000E+01
  0.80470416E+00  0.57511000E+01
  0.89411573E+00  0.55795000E+01
  0.98352731E+00  0.52033000E+01
  0.10729389E+01  0.52819000E+01
  0.11623505E+01  0.51558000E+01
  0.12517620E+01  0.50447000E+01
  0.13411736E+01  0.49481000E+01
  0.14305852E+01  0.49036000E+01
  0.15199967E+01  0.50309000E+01
  0.16094083E+01  0.52573000E+01
  0.16988199E+01  0.54406000E+01
  0.17905341E+01  0.55438000E+01
  0.18822482E+01  0.55838000E+01
  0.19739624E+01  0.56894000E+01
  0.20656765E+01  0.58332000E+01
  0.21573907E+01  0.59943000E+01
  0.22491049E+01  0.61613000E+01
  0.23408190E+01  0.59694000E+01
  0.24325332E+01  0.57424000E+01
  0.25242474E+01  0.55589000E+01
  0.26159615E+01  0.55109000E+01
  0.27076757E+01  0.54816000E+01
  0.27993899E+01  0.54879000E+01
  0.28911040E+01  0.56070000E+01
  0.29828182E+01  0.53302000E+01
  0.30745324E+01  0.51776000E+01
  0.31639439E+01  0.50230000E+01
  
  0.00000000E+00  0.67007000E+01
  0.89411573E-01  0.66985000E+01
  0.17882315E+00  0.70232000E+01
  0.26823472E+00  0.70550000E+01
  0.35764629E+00  0.69051000E+01
  0.44705787E+00  0.68794000E+01
  0.53646944E+00  0.69412000E+01
  0.62588101E+00  0.70147000E+01
  0.71529259E+00  0.66560000E+01
  0.80470416E+00  0.60954000E+01
  0.89411573E+00  0.55962000E+01
  0.98352731E+00  0.54231000E+01
  0.10729389E+01  0.53263000E+01
  0.11623505E+01  0.56503000E+01
  0.12517620E+01  0.59969000E+01
  0.13411736E+01  0.58590000E+01
  0.14305852E+01  0.56481000E+01
  0.15199967E+01  0.54534000E+01
  0.16094083E+01  0.52933000E+01
  0.16988199E+01  0.55501000E+01
  0.17905341E+01  0.57194000E+01
  0.18822482E+01  0.57294000E+01
  0.19739624E+01  0.58153000E+01
  0.20656765E+01  0.60282000E+01
  0.21573907E+01  0.62877000E+01
  0.22491049E+01  0.62016000E+01
  0.23408190E+01  0.63299000E+01
  0.24325332E+01  0.64993000E+01
  0.25242474E+01  0.64118000E+01
  0.26159615E+01  0.61740000E+01
  0.27076757E+01  0.60492000E+01
  0.27993899E+01  0.59349000E+01
  0.28911040E+01  0.57055000E+01
  0.29828182E+01  0.54639000E+01
  0.30745324E+01  0.54183000E+01
  0.31639439E+01  0.56700000E+01
  
  0.00000000E+00  0.67007000E+01
  0.89411573E-01  0.70357000E+01
  0.17882315E+00  0.72726000E+01
  0.26823472E+00  0.70748000E+01
  0.35764629E+00  0.69110000E+01
  0.44705787E+00  0.72617000E+01
  0.53646944E+00  0.75364000E+01
  0.62588101E+00  0.72263000E+01
  0.71529259E+00  0.70250000E+01
  0.80470416E+00  0.69526000E+01
  0.89411573E+00  0.68223000E+01
  0.98352731E+00  0.66594000E+01
  0.10729389E+01  0.64767000E+01
  0.11623505E+01  0.62799000E+01
  0.12517620E+01  0.60725000E+01
  0.13411736E+01  0.63529000E+01
  0.14305852E+01  0.66970000E+01
  0.15199967E+01  0.67205000E+01
  0.16094083E+01  0.66682000E+01
  0.16988199E+01  0.66350000E+01
  0.17905341E+01  0.66235000E+01
  0.18822482E+01  0.66234000E+01
  0.19739624E+01  0.66147000E+01
  0.20656765E+01  0.65604000E+01
  0.21573907E+01  0.64131000E+01
  0.22491049E+01  0.65344000E+01
  0.23408190E+01  0.67453000E+01
  0.24325332E+01  0.66609000E+01
  0.25242474E+01  0.66704000E+01
  0.26159615E+01  0.65704000E+01
  0.27076757E+01  0.62523000E+01
  0.27993899E+01  0.60069000E+01
  0.28911040E+01  0.57491000E+01
  0.29828182E+01  0.59022000E+01
  0.30745324E+01  0.59366000E+01
  0.31639439E+01  0.56700000E+01
  
  0.00000000E+00  0.78076000E+01
  0.89411573E-01  0.75302000E+01
  0.17882315E+00  0.73327000E+01
  0.26823472E+00  0.73492000E+01
  0.35764629E+00  0.75710000E+01
  0.44705787E+00  0.77665000E+01
  0.53646944E+00  0.81058000E+01
  0.62588101E+00  0.80096000E+01
  0.71529259E+00  0.78262000E+01
  0.80470416E+00  0.76530000E+01
  0.89411573E+00  0.74912000E+01
  0.98352731E+00  0.73416000E+01
  0.10729389E+01  0.72047000E+01
  0.11623505E+01  0.70809000E+01
  0.12517620E+01  0.69703000E+01
  0.13411736E+01  0.68730000E+01
  0.14305852E+01  0.67894000E+01
  0.15199967E+01  0.69892000E+01
  0.16094083E+01  0.69751000E+01
  0.16988199E+01  0.69088000E+01
  0.17905341E+01  0.67047000E+01
  0.18822482E+01  0.67409000E+01
  0.19739624E+01  0.68472000E+01
  0.20656765E+01  0.69062000E+01
  0.21573907E+01  0.68660000E+01
  0.22491049E+01  0.68638000E+01
  0.23408190E+01  0.68235000E+01
  0.24325332E+01  0.69039000E+01
  0.25242474E+01  0.68532000E+01
  0.26159615E+01  0.67942000E+01
  0.27076757E+01  0.64561000E+01
  0.27993899E+01  0.62307000E+01
  0.28911040E+01  0.63300000E+01
  0.29828182E+01  0.62579000E+01
  0.30745324E+01  0.61557000E+01
  0.31639439E+01  0.63812000E+01
  
  0.00000000E+00  0.78077000E+01
  0.89411573E-01  0.75921000E+01
  0.17882315E+00  0.73804000E+01
  0.26823472E+00  0.77244000E+01
  0.35764629E+00  0.80299000E+01
  0.44705787E+00  0.82123000E+01
  0.53646944E+00  0.81343000E+01
  0.62588101E+00  0.82120000E+01
  0.71529259E+00  0.82324000E+01
  0.80470416E+00  0.81358000E+01
  0.89411573E+00  0.79623000E+01
  0.98352731E+00  0.77841000E+01
  0.10729389E+01  0.76154000E+01
  0.11623505E+01  0.74609000E+01
  0.12517620E+01  0.73232000E+01
  0.13411736E+01  0.72046000E+01
  0.14305852E+01  0.71065000E+01
  0.15199967E+01  0.70299000E+01
  0.16094083E+01  0.71605000E+01
  0.16988199E+01  0.69422000E+01
  0.17905341E+01  0.69313000E+01
  0.18822482E+01  0.69453000E+01
  0.19739624E+01  0.69879000E+01
  0.20656765E+01  0.70180000E+01
  0.21573907E+01  0.71648000E+01
  0.22491049E+01  0.72865000E+01
  0.23408190E+01  0.73565000E+01
  0.24325332E+01  0.72590000E+01
  0.25242474E+01  0.71364000E+01
  0.26159615E+01  0.68446000E+01
  0.27076757E+01  0.70233000E+01
  0.27993899E+01  0.68826000E+01
  0.28911040E+01  0.65634000E+01
  0.29828182E+01  0.65040000E+01
  0.30745324E+01  0.65784000E+01
  0.31639439E+01  0.63813000E+01
  
  0.00000000E+00  0.78435000E+01
  0.89411573E-01  0.80715000E+01
  0.17882315E+00  0.82558000E+01
  0.26823472E+00  0.81867000E+01
  0.35764629E+00  0.80315000E+01
  0.44705787E+00  0.82913000E+01
  0.53646944E+00  0.82010000E+01
  0.62588101E+00  0.82382000E+01
  0.71529259E+00  0.82915000E+01
  0.80470416E+00  0.83350000E+01
  0.89411573E+00  0.84063000E+01
  0.98352731E+00  0.85128000E+01
  0.10729389E+01  0.86568000E+01
  0.11623505E+01  0.88346000E+01
  0.12517620E+01  0.90042000E+01
  0.13411736E+01  0.87548000E+01
  0.14305852E+01  0.82831000E+01
  0.15199967E+01  0.77964000E+01
  0.16094083E+01  0.73236000E+01
  0.16988199E+01  0.71770000E+01
  0.17905341E+01  0.71506000E+01
  0.18822482E+01  0.71107000E+01
  0.19739624E+01  0.70098000E+01
  0.20656765E+01  0.70608000E+01
  0.21573907E+01  0.72448000E+01
  0.22491049E+01  0.75176000E+01
  0.23408190E+01  0.74302000E+01
  0.24325332E+01  0.73173000E+01
  0.25242474E+01  0.72084000E+01
  0.26159615E+01  0.73356000E+01
  0.27076757E+01  0.72002000E+01
  0.27993899E+01  0.72077000E+01
  0.28911040E+01  0.72536000E+01
  0.29828182E+01  0.69857000E+01
  0.30745324E+01  0.68493000E+01
  0.31639439E+01  0.70097000E+01
  
  0.00000000E+00  0.78435000E+01
  0.89411573E-01  0.80817000E+01
  0.17882315E+00  0.82796000E+01
  0.26823472E+00  0.83864000E+01
  0.35764629E+00  0.84939000E+01
  0.44705787E+00  0.83978000E+01
  0.53646944E+00  0.82690000E+01
  0.62588101E+00  0.83118000E+01
  0.71529259E+00  0.85311000E+01
  0.80470416E+00  0.86059000E+01
  0.89411573E+00  0.88577000E+01
  0.98352731E+00  0.91786000E+01
  0.10729389E+01  0.95234000E+01
  0.11623505E+01  0.97063000E+01
  0.12517620E+01  0.93378000E+01
  0.13411736E+01  0.93665000E+01
  0.14305852E+01  0.93178000E+01
  0.15199967E+01  0.89772000E+01
  0.16094083E+01  0.87988000E+01
  0.16988199E+01  0.88445000E+01
  0.17905341E+01  0.89797000E+01
  0.18822482E+01  0.90112000E+01
  0.19739624E+01  0.86660000E+01
  0.20656765E+01  0.83361000E+01
  0.21573907E+01  0.79981000E+01
  0.22491049E+01  0.76783000E+01
  0.23408190E+01  0.78248000E+01
  0.24325332E+01  0.76290000E+01
  0.25242474E+01  0.74623000E+01
  0.26159615E+01  0.75288000E+01
  0.27076757E+01  0.75340000E+01
  0.27993899E+01  0.75181000E+01
  0.28911040E+01  0.73986000E+01
  0.29828182E+01  0.74714000E+01
  0.30745324E+01  0.72313000E+01
  0.31639439E+01  0.70098000E+01
  
