  0.00000000E+00 -0.14461400E+02
  0.89411573E-01 -0.14726500E+02
  0.17882315E+00 -0.14981600E+02
  0.26823472E+00 -0.15226000E+02
  0.35764629E+00 -0.15458900E+02
  0.44705787E+00 -0.15679600E+02
  0.53646944E+00 -0.15887800E+02
  0.62588101E+00 -0.16082900E+02
  0.71529259E+00 -0.16264700E+02
  0.80470416E+00 -0.16432700E+02
  0.89411573E+00 -0.16586900E+02
  0.98352731E+00 -0.16727000E+02
  0.10729389E+01 -0.16852700E+02
  0.11623505E+01 -0.16963900E+02
  0.12517620E+01 -0.17060600E+02
  0.13411736E+01 -0.17142500E+02
  0.14305852E+01 -0.17209700E+02
  0.15199967E+01 -0.17262000E+02
  0.16094083E+01 -0.17299400E+02
  0.16988199E+01 -0.17321900E+02
  0.17905341E+01 -0.17329400E+02
  0.18822482E+01 -0.17323000E+02
  0.19739624E+01 -0.17303800E+02
  0.20656765E+01 -0.17271900E+02
  0.21573907E+01 -0.17227600E+02
  0.22491049E+01 -0.17170900E+02
  0.23408190E+01 -0.17102200E+02
  0.24325332E+01 -0.17021800E+02
  0.25242474E+01 -0.16930400E+02
  0.26159615E+01 -0.16828300E+02
  0.27076757E+01 -0.16716400E+02
  0.27993899E+01 -0.16595600E+02
  0.28911040E+01 -0.16466800E+02
  0.29828182E+01 -0.16331400E+02
  0.30745324E+01 -0.16190700E+02
  0.31639439E+01 -0.16046700E+02
  
  0.00000000E+00 -0.14461400E+02
  0.89411573E-01 -0.14187600E+02
  0.17882315E+00 -0.13906200E+02
  0.26823472E+00 -0.13618900E+02
  0.35764629E+00 -0.13327800E+02
  0.44705787E+00 -0.13109600E+02
  0.53646944E+00 -0.13328000E+02
  0.62588101E+00 -0.13531900E+02
  0.71529259E+00 -0.13721300E+02
  0.80470416E+00 -0.13896000E+02
  0.89411573E+00 -0.14055900E+02
  0.98352731E+00 -0.14200800E+02
  0.10729389E+01 -0.14330700E+02
  0.11623505E+01 -0.14445500E+02
  0.12517620E+01 -0.14545100E+02
  0.13411736E+01 -0.14629500E+02
  0.14305852E+01 -0.14698600E+02
  0.15199967E+01 -0.14752400E+02
  0.16094083E+01 -0.14790800E+02
  0.16988199E+01 -0.14813900E+02
  0.17905341E+01 -0.14821600E+02
  0.18822482E+01 -0.14825400E+02
  0.19739624E+01 -0.14837300E+02
  0.20656765E+01 -0.14858100E+02
  0.21573907E+01 -0.14889000E+02
  0.22491049E+01 -0.14931600E+02
  0.23408190E+01 -0.14987500E+02
  0.24325332E+01 -0.15057800E+02
  0.25242474E+01 -0.15143100E+02
  0.26159615E+01 -0.15243200E+02
  0.27076757E+01 -0.15356800E+02
  0.27993899E+01 -0.15482000E+02
  0.28911040E+01 -0.15616400E+02
  0.29828182E+01 -0.15757100E+02
  0.30745324E+01 -0.15901400E+02
  0.31639439E+01 -0.16046700E+02
  
  0.00000000E+00 -0.11809500E+02
  0.89411573E-01 -0.12096400E+02
  0.17882315E+00 -0.12370200E+02
  0.26823472E+00 -0.12630500E+02
  0.35764629E+00 -0.12877100E+02
  0.44705787E+00 -0.13035400E+02
  0.53646944E+00 -0.12744800E+02
  0.62588101E+00 -0.12459700E+02
  0.71529259E+00 -0.12184700E+02
  0.80470416E+00 -0.11924800E+02
  0.89411573E+00 -0.11685400E+02
  0.98352731E+00 -0.11471500E+02
  0.10729389E+01 -0.11286800E+02
  0.11623505E+01 -0.11133400E+02
  0.12517620E+01 -0.11010700E+02
  0.13411736E+01 -0.10916400E+02
  0.14305852E+01 -0.10846700E+02
  0.15199967E+01 -0.10797600E+02
  0.16094083E+01 -0.10765500E+02
  0.16988199E+01 -0.10747300E+02
  0.17905341E+01 -0.10741500E+02
  0.18822482E+01 -0.10759300E+02
  0.19739624E+01 -0.10809400E+02
  0.20656765E+01 -0.10883700E+02
  0.21573907E+01 -0.10971100E+02
  0.22491049E+01 -0.11060400E+02
  0.23408190E+01 -0.11141300E+02
  0.24325332E+01 -0.11205700E+02
  0.25242474E+01 -0.11247600E+02
  0.26159615E+01 -0.11262900E+02
  0.27076757E+01 -0.11249700E+02
  0.27993899E+01 -0.11207600E+02
  0.28911040E+01 -0.11137100E+02
  0.29828182E+01 -0.11039800E+02
  0.30745324E+01 -0.10917500E+02
  0.31639439E+01 -0.10772300E+02
  
  0.00000000E+00 -0.11809500E+02
  0.89411573E-01 -0.11510000E+02
  0.17882315E+00 -0.11198200E+02
  0.26823472E+00 -0.10875000E+02
  0.35764629E+00 -0.10540900E+02
  0.44705787E+00 -0.10197100E+02
  0.53646944E+00 -0.98447000E+01
  0.62588101E+00 -0.94855000E+01
  0.71529259E+00 -0.91218000E+01
  0.80470416E+00 -0.87565000E+01
  0.89411573E+00 -0.83942000E+01
  0.98352731E+00 -0.80409000E+01
  0.10729389E+01 -0.77051000E+01
  0.11623505E+01 -0.77270000E+01
  0.12517620E+01 -0.78028000E+01
  0.13411736E+01 -0.78679000E+01
  0.14305852E+01 -0.79218000E+01
  0.15199967E+01 -0.79642000E+01
  0.16094083E+01 -0.79946000E+01
  0.16988199E+01 -0.80129000E+01
  0.17905341E+01 -0.80191000E+01
  0.18822482E+01 -0.80441000E+01
  0.19739624E+01 -0.81190000E+01
  0.20656765E+01 -0.82420000E+01
  0.21573907E+01 -0.84073000E+01
  0.22491049E+01 -0.86060000E+01
  0.23408190E+01 -0.88275000E+01
  0.24325332E+01 -0.90624000E+01
  0.25242474E+01 -0.93029000E+01
  0.26159615E+01 -0.95432000E+01
  0.27076757E+01 -0.97785000E+01
  0.27993899E+01 -0.10005200E+02
  0.28911040E+01 -0.10220500E+02
  0.29828182E+01 -0.10421600E+02
  0.30745324E+01 -0.10606300E+02
  0.31639439E+01 -0.10772300E+02
  
  0.00000000E+00 -0.67758000E+01
  0.89411573E-01 -0.68441000E+01
  0.17882315E+00 -0.69318000E+01
  0.26823472E+00 -0.70293000E+01
  0.35764629E+00 -0.71281000E+01
  0.44705787E+00 -0.72204000E+01
  0.53646944E+00 -0.72996000E+01
  0.62588101E+00 -0.73594000E+01
  0.71529259E+00 -0.73939000E+01
  0.80470416E+00 -0.73976000E+01
  0.89411573E+00 -0.74442000E+01
  0.98352731E+00 -0.75466000E+01
  0.10729389E+01 -0.76413000E+01
  0.11623505E+01 -0.73983000E+01
  0.12517620E+01 -0.71334000E+01
  0.13411736E+01 -0.69217000E+01
  0.14305852E+01 -0.67668000E+01
  0.15199967E+01 -0.67449000E+01
  0.16094083E+01 -0.67783000E+01
  0.16988199E+01 -0.67984000E+01
  0.17905341E+01 -0.68051000E+01
  0.18822482E+01 -0.67699000E+01
  0.19739624E+01 -0.66675000E+01
  0.20656765E+01 -0.66084000E+01
  0.21573907E+01 -0.66122000E+01
  0.22491049E+01 -0.65935000E+01
  0.23408190E+01 -0.65514000E+01
  0.24325332E+01 -0.64872000E+01
  0.25242474E+01 -0.64031000E+01
  0.26159615E+01 -0.63008000E+01
  0.27076757E+01 -0.61819000E+01
  0.27993899E+01 -0.60476000E+01
  0.28911040E+01 -0.58989000E+01
  0.29828182E+01 -0.57368000E+01
  0.30745324E+01 -0.55622000E+01
  0.31639439E+01 -0.53760000E+01
  
  0.00000000E+00 -0.67758000E+01
  0.89411573E-01 -0.67356000E+01
  0.17882315E+00 -0.67294000E+01
  0.26823472E+00 -0.67584000E+01
  0.35764629E+00 -0.68183000E+01
  0.44705787E+00 -0.69022000E+01
  0.53646944E+00 -0.70021000E+01
  0.62588101E+00 -0.71111000E+01
  0.71529259E+00 -0.72237000E+01
  0.80470416E+00 -0.73358000E+01
  0.89411573E+00 -0.73654000E+01
  0.98352731E+00 -0.72934000E+01
  0.10729389E+01 -0.71797000E+01
  0.11623505E+01 -0.70259000E+01
  0.12517620E+01 -0.68371000E+01
  0.13411736E+01 -0.66387000E+01
  0.14305852E+01 -0.66983000E+01
  0.15199967E+01 -0.66632000E+01
  0.16094083E+01 -0.66000000E+01
  0.16988199E+01 -0.65666000E+01
  0.17905341E+01 -0.65563000E+01
  0.18822482E+01 -0.65662000E+01
  0.19739624E+01 -0.65887000E+01
  0.20656765E+01 -0.65056000E+01
  0.21573907E+01 -0.62946000E+01
  0.22491049E+01 -0.60454000E+01
  0.23408190E+01 -0.57678000E+01
  0.24325332E+01 -0.55899000E+01
  0.25242474E+01 -0.55211000E+01
  0.26159615E+01 -0.54454000E+01
  0.27076757E+01 -0.53635000E+01
  0.27993899E+01 -0.52765000E+01
  0.28911040E+01 -0.51855000E+01
  0.29828182E+01 -0.50919000E+01
  0.30745324E+01 -0.51793000E+01
  0.31639439E+01 -0.53760000E+01
  
  0.00000000E+00 -0.48053000E+01
  0.89411573E-01 -0.49021000E+01
  0.17882315E+00 -0.50208000E+01
  0.26823472E+00 -0.51555000E+01
  0.35764629E+00 -0.53003000E+01
  0.44705787E+00 -0.54502000E+01
  0.53646944E+00 -0.56011000E+01
  0.62588101E+00 -0.57497000E+01
  0.71529259E+00 -0.58934000E+01
  0.80470416E+00 -0.60302000E+01
  0.89411573E+00 -0.61585000E+01
  0.98352731E+00 -0.62771000E+01
  0.10729389E+01 -0.63851000E+01
  0.11623505E+01 -0.64817000E+01
  0.12517620E+01 -0.65664000E+01
  0.13411736E+01 -0.66232000E+01
  0.14305852E+01 -0.63984000E+01
  0.15199967E+01 -0.61819000E+01
  0.16094083E+01 -0.59974000E+01
  0.16988199E+01 -0.58713000E+01
  0.17905341E+01 -0.58263000E+01
  0.18822482E+01 -0.58213000E+01
  0.19739624E+01 -0.58063000E+01
  0.20656765E+01 -0.57815000E+01
  0.21573907E+01 -0.57471000E+01
  0.22491049E+01 -0.57035000E+01
  0.23408190E+01 -0.56509000E+01
  0.24325332E+01 -0.54704000E+01
  0.25242474E+01 -0.51611000E+01
  0.26159615E+01 -0.48489000E+01
  0.27076757E+01 -0.45649000E+01
  0.27993899E+01 -0.45624000E+01
  0.28911040E+01 -0.47626000E+01
  0.29828182E+01 -0.49737000E+01
  0.30745324E+01 -0.49971000E+01
  0.31639439E+01 -0.49027000E+01
  
  0.00000000E+00 -0.48053000E+01
  0.89411573E-01 -0.47355000E+01
  0.17882315E+00 -0.46959000E+01
  0.26823472E+00 -0.46866000E+01
  0.35764629E+00 -0.47047000E+01
  0.44705787E+00 -0.47448000E+01
  0.53646944E+00 -0.48003000E+01
  0.62588101E+00 -0.48645000E+01
  0.71529259E+00 -0.49309000E+01
  0.80470416E+00 -0.49931000E+01
  0.89411573E+00 -0.50448000E+01
  0.98352731E+00 -0.50792000E+01
  0.10729389E+01 -0.50883000E+01
  0.11623505E+01 -0.50628000E+01
  0.12517620E+01 -0.49938000E+01
  0.13411736E+01 -0.48765000E+01
  0.14305852E+01 -0.47175000E+01
  0.15199967E+01 -0.45376000E+01
  0.16094083E+01 -0.43686000E+01
  0.16988199E+01 -0.42468000E+01
  0.17905341E+01 -0.42021000E+01
  0.18822482E+01 -0.42043000E+01
  0.19739624E+01 -0.42109000E+01
  0.20656765E+01 -0.42223000E+01
  0.21573907E+01 -0.42390000E+01
  0.22491049E+01 -0.42618000E+01
  0.23408190E+01 -0.42913000E+01
  0.24325332E+01 -0.43284000E+01
  0.25242474E+01 -0.43735000E+01
  0.26159615E+01 -0.44271000E+01
  0.27076757E+01 -0.44892000E+01
  0.27993899E+01 -0.45595000E+01
  0.28911040E+01 -0.46371000E+01
  0.29828182E+01 -0.47211000E+01
  0.30745324E+01 -0.48101000E+01
  0.31639439E+01 -0.49027000E+01
  
  0.00000000E+00 -0.42520000E+01
  0.89411573E-01 -0.43098000E+01
  0.17882315E+00 -0.43232000E+01
  0.26823472E+00 -0.42948000E+01
  0.35764629E+00 -0.42337000E+01
  0.44705787E+00 -0.41532000E+01
  0.53646944E+00 -0.40684000E+01
  0.62588101E+00 -0.39933000E+01
  0.71529259E+00 -0.39378000E+01
  0.80470416E+00 -0.39069000E+01
  0.89411573E+00 -0.38999000E+01
  0.98352731E+00 -0.39125000E+01
  0.10729389E+01 -0.39388000E+01
  0.11623505E+01 -0.39730000E+01
  0.12517620E+01 -0.40103000E+01
  0.13411736E+01 -0.40468000E+01
  0.14305852E+01 -0.40799000E+01
  0.15199967E+01 -0.41074000E+01
  0.16094083E+01 -0.41279000E+01
  0.16988199E+01 -0.41406000E+01
  0.17905341E+01 -0.41449000E+01
  0.18822482E+01 -0.40987000E+01
  0.19739624E+01 -0.39680000E+01
  0.20656765E+01 -0.37713000E+01
  0.21573907E+01 -0.35298000E+01
  0.22491049E+01 -0.32629000E+01
  0.23408190E+01 -0.33020000E+01
  0.24325332E+01 -0.35461000E+01
  0.25242474E+01 -0.37881000E+01
  0.26159615E+01 -0.40226000E+01
  0.27076757E+01 -0.42214000E+01
  0.27993899E+01 -0.41335000E+01
  0.28911040E+01 -0.38402000E+01
  0.29828182E+01 -0.35352000E+01
  0.30745324E+01 -0.32373000E+01
  0.31639439E+01 -0.29537000E+01
  
  0.00000000E+00 -0.42520000E+01
  0.89411573E-01 -0.41531000E+01
  0.17882315E+00 -0.40203000E+01
  0.26823472E+00 -0.38619000E+01
  0.35764629E+00 -0.36859000E+01
  0.44705787E+00 -0.34995000E+01
  0.53646944E+00 -0.33091000E+01
  0.62588101E+00 -0.31203000E+01
  0.71529259E+00 -0.29382000E+01
  0.80470416E+00 -0.27669000E+01
  0.89411573E+00 -0.26102000E+01
  0.98352731E+00 -0.24706000E+01
  0.10729389E+01 -0.23499000E+01
  0.11623505E+01 -0.22489000E+01
  0.12517620E+01 -0.21675000E+01
  0.13411736E+01 -0.21055000E+01
  0.14305852E+01 -0.20624000E+01
  0.15199967E+01 -0.20375000E+01
  0.16094083E+01 -0.20291000E+01
  0.16988199E+01 -0.20312000E+01
  0.17905341E+01 -0.20339000E+01
  0.18822482E+01 -0.21554000E+01
  0.19739624E+01 -0.23610000E+01
  0.20656765E+01 -0.25851000E+01
  0.21573907E+01 -0.28188000E+01
  0.22491049E+01 -0.30586000E+01
  0.23408190E+01 -0.29875000E+01
  0.24325332E+01 -0.27203000E+01
  0.25242474E+01 -0.24803000E+01
  0.26159615E+01 -0.22921000E+01
  0.27076757E+01 -0.21856000E+01
  0.27993899E+01 -0.21840000E+01
  0.28911040E+01 -0.22847000E+01
  0.29828182E+01 -0.24627000E+01
  0.30745324E+01 -0.26917000E+01
  0.31639439E+01 -0.29537000E+01
  
  0.00000000E+00 -0.87470000E+00
  0.89411573E-01 -0.89370000E+00
  0.17882315E+00 -0.85740000E+00
  0.26823472E+00 -0.89250000E+00
  0.35764629E+00 -0.10264000E+01
  0.44705787E+00 -0.11205000E+01
  0.53646944E+00 -0.11674000E+01
  0.62588101E+00 -0.11602000E+01
  0.71529259E+00 -0.10949000E+01
  0.80470416E+00 -0.97150000E+00
  0.89411573E+00 -0.10720000E+01
  0.98352731E+00 -0.12019000E+01
  0.10729389E+01 -0.13195000E+01
  0.11623505E+01 -0.14242000E+01
  0.12517620E+01 -0.15156000E+01
  0.13411736E+01 -0.15933000E+01
  0.14305852E+01 -0.16570000E+01
  0.15199967E+01 -0.17068000E+01
  0.16094083E+01 -0.17424000E+01
  0.16988199E+01 -0.17638000E+01
  0.17905341E+01 -0.17709000E+01
  0.18822482E+01 -0.16563000E+01
  0.19739624E+01 -0.14707000E+01
  0.20656765E+01 -0.12780000E+01
  0.21573907E+01 -0.10877000E+01
  0.22491049E+01 -0.92400000E+00
  0.23408190E+01 -0.83330000E+00
  0.24325332E+01 -0.76710000E+00
  0.25242474E+01 -0.70000000E+00
  0.26159615E+01 -0.62980000E+00
  0.27076757E+01 -0.58040000E+00
  0.27993899E+01 -0.58830000E+00
  0.28911040E+01 -0.54320000E+00
  0.29828182E+01 -0.47460000E+00
  0.30745324E+01 -0.41180000E+00
  0.31639439E+01 -0.37290000E+00
  
  0.00000000E+00 -0.87470000E+00
  0.89411573E-01 -0.80510000E+00
  0.17882315E+00 -0.72530000E+00
  0.26823472E+00 -0.76440000E+00
  0.35764629E+00 -0.61720000E+00
  0.44705787E+00 -0.42060000E+00
  0.53646944E+00 -0.48140000E+00
  0.62588101E+00 -0.62650000E+00
  0.71529259E+00 -0.78090000E+00
  0.80470416E+00 -0.93090000E+00
  0.89411573E+00 -0.79500000E+00
  0.98352731E+00 -0.57370000E+00
  0.10729389E+01 -0.31750000E+00
  0.11623505E+01 -0.36900000E-01
  0.12517620E+01  0.25770000E+00
  0.13411736E+01  0.41490000E+00
  0.14305852E+01 -0.36500000E-01
  0.15199967E+01 -0.41910000E+00
  0.16094083E+01 -0.71180000E+00
  0.16988199E+01 -0.89510000E+00
  0.17905341E+01 -0.95730000E+00
  0.18822482E+01 -0.95280000E+00
  0.19739624E+01 -0.93920000E+00
  0.20656765E+01 -0.91500000E+00
  0.21573907E+01 -0.87590000E+00
  0.22491049E+01 -0.79660000E+00
  0.23408190E+01 -0.63010000E+00
  0.24325332E+01 -0.42470000E+00
  0.25242474E+01 -0.40170000E+00
  0.26159615E+01 -0.51210000E+00
  0.27076757E+01 -0.55850000E+00
  0.27993899E+01 -0.49010000E+00
  0.28911040E+01 -0.43020000E+00
  0.29828182E+01 -0.38590000E+00
  0.30745324E+01 -0.36470000E+00
  0.31639439E+01 -0.37290000E+00
  
  0.00000000E+00 -0.31320000E+00
  0.89411573E-01 -0.53070000E+00
  0.17882315E+00 -0.69390000E+00
  0.26823472E+00 -0.55610000E+00
  0.35764629E+00 -0.42640000E+00
  0.44705787E+00 -0.38900000E+00
  0.53646944E+00 -0.18070000E+00
  0.62588101E+00  0.95900000E-01
  0.71529259E+00  0.40260000E+00
  0.80470416E+00  0.73280000E+00
  0.89411573E+00  0.10779000E+01
  0.98352731E+00  0.14235000E+01
  0.10729389E+01  0.17346000E+01
  0.11623505E+01  0.14506000E+01
  0.12517620E+01  0.91660000E+00
  0.13411736E+01  0.55510000E+00
  0.14305852E+01  0.84260000E+00
  0.15199967E+01  0.76810000E+00
  0.16094083E+01  0.48090000E+00
  0.16988199E+01  0.28990000E+00
  0.17905341E+01  0.22260000E+00
  0.18822482E+01  0.21260000E+00
  0.19739624E+01  0.18220000E+00
  0.20656765E+01  0.13090000E+00
  0.21573907E+01  0.58100000E-01
  0.22491049E+01 -0.35900000E-01
  0.23408190E+01 -0.14870000E+00
  0.24325332E+01 -0.27440000E+00
  0.25242474E+01 -0.20790000E+00
  0.26159615E+01  0.14200000E-01
  0.27076757E+01  0.23700000E+00
  0.27993899E+01  0.45550000E+00
  0.28911040E+01  0.66470000E+00
  0.29828182E+01  0.86080000E+00
  0.30745324E+01  0.10430000E+01
  0.31639439E+01  0.11470000E+01
  
  0.00000000E+00 -0.31320000E+00
  0.89411573E-01 -0.76600000E-01
  0.17882315E+00  0.17570000E+00
  0.26823472E+00  0.35860000E+00
  0.35764629E+00  0.21210000E+00
  0.44705787E+00  0.19820000E+00
  0.53646944E+00  0.35000000E+00
  0.62588101E+00  0.58670000E+00
  0.71529259E+00  0.86100000E+00
  0.80470416E+00  0.11560000E+01
  0.89411573E+00  0.14632000E+01
  0.98352731E+00  0.17751000E+01
  0.10729389E+01  0.19866000E+01
  0.11623505E+01  0.19078000E+01
  0.12517620E+01  0.17969000E+01
  0.13411736E+01  0.14838000E+01
  0.14305852E+01  0.11167000E+01
  0.15199967E+01  0.11042000E+01
  0.16094083E+01  0.13193000E+01
  0.16988199E+01  0.14639000E+01
  0.17905341E+01  0.15153000E+01
  0.18822482E+01  0.15002000E+01
  0.19739624E+01  0.14566000E+01
  0.20656765E+01  0.13902000E+01
  0.21573907E+01  0.13084000E+01
  0.22491049E+01  0.12194000E+01
  0.23408190E+01  0.11313000E+01
  0.24325332E+01  0.10511000E+01
  0.25242474E+01  0.98450000E+00
  0.26159615E+01  0.93610000E+00
  0.27076757E+01  0.90930000E+00
  0.27993899E+01  0.90630000E+00
  0.28911040E+01  0.92840000E+00
  0.29828182E+01  0.97610000E+00
  0.30745324E+01  0.10492000E+01
  0.31639439E+01  0.11470000E+01
  
  0.00000000E+00  0.10212000E+01
  0.89411573E-01  0.78270000E+00
  0.17882315E+00  0.55860000E+00
  0.26823472E+00  0.44050000E+00
  0.35764629E+00  0.71500000E+00
  0.44705787E+00  0.99610000E+00
  0.53646944E+00  0.12806000E+01
  0.62588101E+00  0.15653000E+01
  0.71529259E+00  0.18466000E+01
  0.80470416E+00  0.21177000E+01
  0.89411573E+00  0.23528000E+01
  0.98352731E+00  0.23885000E+01
  0.10729389E+01  0.20805000E+01
  0.11623505E+01  0.23371000E+01
  0.12517620E+01  0.23976000E+01
  0.13411736E+01  0.23404000E+01
  0.14305852E+01  0.22768000E+01
  0.15199967E+01  0.22237000E+01
  0.16094083E+01  0.21848000E+01
  0.16988199E+01  0.21612000E+01
  0.17905341E+01  0.21533000E+01
  0.18822482E+01  0.21714000E+01
  0.19739624E+01  0.22144000E+01
  0.20656765E+01  0.22588000E+01
  0.21573907E+01  0.23206000E+01
  0.22491049E+01  0.23989000E+01
  0.23408190E+01  0.24917000E+01
  0.24325332E+01  0.25837000E+01
  0.25242474E+01  0.24053000E+01
  0.26159615E+01  0.21767000E+01
  0.27076757E+01  0.19608000E+01
  0.27993899E+01  0.17601000E+01
  0.28911040E+01  0.15766000E+01
  0.29828182E+01  0.14121000E+01
  0.30745324E+01  0.12684000E+01
  0.31639439E+01  0.12146000E+01
  
  0.00000000E+00  0.10212000E+01
  0.89411573E-01  0.12692000E+01
  0.17882315E+00  0.15237000E+01
  0.26823472E+00  0.17814000E+01
  0.35764629E+00  0.20390000E+01
  0.44705787E+00  0.22922000E+01
  0.53646944E+00  0.25358000E+01
  0.62588101E+00  0.27624000E+01
  0.71529259E+00  0.29617000E+01
  0.80470416E+00  0.31186000E+01
  0.89411573E+00  0.29902000E+01
  0.98352731E+00  0.28390000E+01
  0.10729389E+01  0.27027000E+01
  0.11623505E+01  0.25817000E+01
  0.12517620E+01  0.24764000E+01
  0.13411736E+01  0.23867000E+01
  0.14305852E+01  0.23130000E+01
  0.15199967E+01  0.22551000E+01
  0.16094083E+01  0.22131000E+01
  0.16988199E+01  0.21874000E+01
  0.17905341E+01  0.21786000E+01
  0.18822482E+01  0.21875000E+01
  0.19739624E+01  0.22246000E+01
  0.20656765E+01  0.23096000E+01
  0.21573907E+01  0.24214000E+01
  0.22491049E+01  0.25552000E+01
  0.23408190E+01  0.27063000E+01
  0.24325332E+01  0.26438000E+01
  0.25242474E+01  0.24933000E+01
  0.26159615E+01  0.22950000E+01
  0.27076757E+01  0.20974000E+01
  0.27993899E+01  0.19067000E+01
  0.28911040E+01  0.17243000E+01
  0.29828182E+01  0.15499000E+01
  0.30745324E+01  0.13815000E+01
  0.31639439E+01  0.12146000E+01
  
  0.00000000E+00  0.45098000E+01
  0.89411573E-01  0.44547000E+01
  0.17882315E+00  0.43811000E+01
  0.26823472E+00  0.43100000E+01
  0.35764629E+00  0.41285000E+01
  0.44705787E+00  0.39282000E+01
  0.53646944E+00  0.37242000E+01
  0.62588101E+00  0.35247000E+01
  0.71529259E+00  0.33343000E+01
  0.80470416E+00  0.31556000E+01
  0.89411573E+00  0.30105000E+01
  0.98352731E+00  0.28603000E+01
  0.10729389E+01  0.27358000E+01
  0.11623505E+01  0.26737000E+01
  0.12517620E+01  0.28137000E+01
  0.13411736E+01  0.30078000E+01
  0.14305852E+01  0.29319000E+01
  0.15199967E+01  0.28724000E+01
  0.16094083E+01  0.28296000E+01
  0.16988199E+01  0.28035000E+01
  0.17905341E+01  0.27947000E+01
  0.18822482E+01  0.28035000E+01
  0.19739624E+01  0.28298000E+01
  0.20656765E+01  0.28731000E+01
  0.21573907E+01  0.29322000E+01
  0.22491049E+01  0.29983000E+01
  0.23408190E+01  0.28887000E+01
  0.24325332E+01  0.27581000E+01
  0.25242474E+01  0.27620000E+01
  0.26159615E+01  0.28966000E+01
  0.27076757E+01  0.30537000E+01
  0.27993899E+01  0.32267000E+01
  0.28911040E+01  0.34140000E+01
  0.29828182E+01  0.36141000E+01
  0.30745324E+01  0.38252000E+01
  0.31639439E+01  0.40436000E+01
  
  0.00000000E+00  0.45098000E+01
  0.89411573E-01  0.45157000E+01
  0.17882315E+00  0.44478000E+01
  0.26823472E+00  0.43112000E+01
  0.35764629E+00  0.42599000E+01
  0.44705787E+00  0.40325000E+01
  0.53646944E+00  0.37944000E+01
  0.62588101E+00  0.35728000E+01
  0.71529259E+00  0.33680000E+01
  0.80470416E+00  0.31804000E+01
  0.89411573E+00  0.32096000E+01
  0.98352731E+00  0.31160000E+01
  0.10729389E+01  0.31051000E+01
  0.11623505E+01  0.30207000E+01
  0.12517620E+01  0.31002000E+01
  0.13411736E+01  0.30637000E+01
  0.14305852E+01  0.32637000E+01
  0.15199967E+01  0.33009000E+01
  0.16094083E+01  0.32786000E+01
  0.16988199E+01  0.32594000E+01
  0.17905341E+01  0.32526000E+01
  0.18822482E+01  0.32647000E+01
  0.19739624E+01  0.33011000E+01
  0.20656765E+01  0.33618000E+01
  0.21573907E+01  0.33764000E+01
  0.22491049E+01  0.31352000E+01
  0.23408190E+01  0.29481000E+01
  0.24325332E+01  0.28714000E+01
  0.25242474E+01  0.30485000E+01
  0.26159615E+01  0.32368000E+01
  0.27076757E+01  0.34363000E+01
  0.27993899E+01  0.36475000E+01
  0.28911040E+01  0.38710000E+01
  0.29828182E+01  0.41063000E+01
  0.30745324E+01  0.42609000E+01
  0.31639439E+01  0.40437000E+01
  
  0.00000000E+00  0.54661000E+01
  0.89411573E-01  0.51476000E+01
  0.17882315E+00  0.48447000E+01
  0.26823472E+00  0.45578000E+01
  0.35764629E+00  0.42870000E+01
  0.44705787E+00  0.42373000E+01
  0.53646944E+00  0.42512000E+01
  0.62588101E+00  0.42026000E+01
  0.71529259E+00  0.39976000E+01
  0.80470416E+00  0.38078000E+01
  0.89411573E+00  0.34822000E+01
  0.98352731E+00  0.32058000E+01
  0.10729389E+01  0.32167000E+01
  0.11623505E+01  0.32090000E+01
  0.12517620E+01  0.31496000E+01
  0.13411736E+01  0.34553000E+01
  0.14305852E+01  0.35071000E+01
  0.15199967E+01  0.36475000E+01
  0.16094083E+01  0.38186000E+01
  0.16988199E+01  0.39399000E+01
  0.17905341E+01  0.39839000E+01
  0.18822482E+01  0.39331000E+01
  0.19739624E+01  0.37960000E+01
  0.20656765E+01  0.36021000E+01
  0.21573907E+01  0.34464000E+01
  0.22491049E+01  0.32433000E+01
  0.23408190E+01  0.31516000E+01
  0.24325332E+01  0.32470000E+01
  0.25242474E+01  0.33753000E+01
  0.26159615E+01  0.35231000E+01
  0.27076757E+01  0.36885000E+01
  0.27993899E+01  0.38708000E+01
  0.28911040E+01  0.40693000E+01
  0.29828182E+01  0.42826000E+01
  0.30745324E+01  0.43546000E+01
  0.31639439E+01  0.45905000E+01
  
  0.00000000E+00  0.54661000E+01
  0.89411573E-01  0.56342000E+01
  0.17882315E+00  0.53944000E+01
  0.26823472E+00  0.51473000E+01
  0.35764629E+00  0.48982000E+01
  0.44705787E+00  0.46548000E+01
  0.53646944E+00  0.44221000E+01
  0.62588101E+00  0.43070000E+01
  0.71529259E+00  0.43986000E+01
  0.80470416E+00  0.40634000E+01
  0.89411573E+00  0.36339000E+01
  0.98352731E+00  0.34760000E+01
  0.10729389E+01  0.33343000E+01
  0.11623505E+01  0.34897000E+01
  0.12517620E+01  0.35949000E+01
  0.13411736E+01  0.35178000E+01
  0.14305852E+01  0.38101000E+01
  0.15199967E+01  0.41328000E+01
  0.16094083E+01  0.42858000E+01
  0.16988199E+01  0.42475000E+01
  0.17905341E+01  0.42336000E+01
  0.18822482E+01  0.41808000E+01
  0.19739624E+01  0.39938000E+01
  0.20656765E+01  0.37419000E+01
  0.21573907E+01  0.34832000E+01
  0.22491049E+01  0.35544000E+01
  0.23408190E+01  0.36846000E+01
  0.24325332E+01  0.38355000E+01
  0.25242474E+01  0.40051000E+01
  0.26159615E+01  0.41910000E+01
  0.27076757E+01  0.43909000E+01
  0.27993899E+01  0.46018000E+01
  0.28911040E+01  0.46588000E+01
  0.29828182E+01  0.44726000E+01
  0.30745324E+01  0.45061000E+01
  0.31639439E+01  0.45906000E+01
  
  0.00000000E+00  0.58800000E+01
  0.89411573E-01  0.57999000E+01
  0.17882315E+00  0.59960000E+01
  0.26823472E+00  0.57041000E+01
  0.35764629E+00  0.54283000E+01
  0.44705787E+00  0.51689000E+01
  0.53646944E+00  0.49259000E+01
  0.62588101E+00  0.46996000E+01
  0.71529259E+00  0.44900000E+01
  0.80470416E+00  0.42973000E+01
  0.89411573E+00  0.41215000E+01
  0.98352731E+00  0.39628000E+01
  0.10729389E+01  0.38216000E+01
  0.11623505E+01  0.36984000E+01
  0.12517620E+01  0.38079000E+01
  0.13411736E+01  0.41488000E+01
  0.14305852E+01  0.44127000E+01
  0.15199967E+01  0.43422000E+01
  0.16094083E+01  0.43550000E+01
  0.16988199E+01  0.44629000E+01
  0.17905341E+01  0.44930000E+01
  0.18822482E+01  0.44377000E+01
  0.19739624E+01  0.44106000E+01
  0.20656765E+01  0.44388000E+01
  0.21573907E+01  0.44950000E+01
  0.22491049E+01  0.45720000E+01
  0.23408190E+01  0.46679000E+01
  0.24325332E+01  0.47818000E+01
  0.25242474E+01  0.48955000E+01
  0.26159615E+01  0.48772000E+01
  0.27076757E+01  0.48743000E+01
  0.27993899E+01  0.48347000E+01
  0.28911040E+01  0.48207000E+01
  0.29828182E+01  0.48679000E+01
  0.30745324E+01  0.47950000E+01
  0.31639439E+01  0.47398000E+01
  
  0.00000000E+00  0.58800000E+01
  0.89411573E-01  0.61315000E+01
  0.17882315E+00  0.60160000E+01
  0.26823472E+00  0.59920000E+01
  0.35764629E+00  0.59881000E+01
  0.44705787E+00  0.59263000E+01
  0.53646944E+00  0.57942000E+01
  0.62588101E+00  0.53705000E+01
  0.71529259E+00  0.47339000E+01
  0.80470416E+00  0.45875000E+01
  0.89411573E+00  0.47854000E+01
  0.98352731E+00  0.49655000E+01
  0.10729389E+01  0.48275000E+01
  0.11623505E+01  0.47033000E+01
  0.12517620E+01  0.45930000E+01
  0.13411736E+01  0.44962000E+01
  0.14305852E+01  0.45022000E+01
  0.15199967E+01  0.47534000E+01
  0.16094083E+01  0.46981000E+01
  0.16988199E+01  0.46596000E+01
  0.17905341E+01  0.46451000E+01
  0.18822482E+01  0.46557000E+01
  0.19739624E+01  0.46875000E+01
  0.20656765E+01  0.47400000E+01
  0.21573907E+01  0.48126000E+01
  0.22491049E+01  0.49038000E+01
  0.23408190E+01  0.50104000E+01
  0.24325332E+01  0.49542000E+01
  0.25242474E+01  0.49216000E+01
  0.26159615E+01  0.50652000E+01
  0.27076757E+01  0.50068000E+01
  0.27993899E+01  0.48816000E+01
  0.28911040E+01  0.48850000E+01
  0.29828182E+01  0.49409000E+01
  0.30745324E+01  0.48741000E+01
  0.31639439E+01  0.47402000E+01
  
  0.00000000E+00  0.63486000E+01
  0.89411573E-01  0.61501000E+01
  0.17882315E+00  0.61483000E+01
  0.26823472E+00  0.65101000E+01
  0.35764629E+00  0.67830000E+01
  0.44705787E+00  0.65415000E+01
  0.53646944E+00  0.60097000E+01
  0.62588101E+00  0.56272000E+01
  0.71529259E+00  0.54516000E+01
  0.80470416E+00  0.52795000E+01
  0.89411573E+00  0.51166000E+01
  0.98352731E+00  0.50353000E+01
  0.10729389E+01  0.49543000E+01
  0.11623505E+01  0.48398000E+01
  0.12517620E+01  0.48140000E+01
  0.13411736E+01  0.48387000E+01
  0.14305852E+01  0.48225000E+01
  0.15199967E+01  0.48552000E+01
  0.16094083E+01  0.51840000E+01
  0.16988199E+01  0.51687000E+01
  0.17905341E+01  0.51309000E+01
  0.18822482E+01  0.52215000E+01
  0.19739624E+01  0.53316000E+01
  0.20656765E+01  0.53166000E+01
  0.21573907E+01  0.52309000E+01
  0.22491049E+01  0.51275000E+01
  0.23408190E+01  0.50309000E+01
  0.24325332E+01  0.51243000E+01
  0.25242474E+01  0.52142000E+01
  0.26159615E+01  0.51681000E+01
  0.27076757E+01  0.52316000E+01
  0.27993899E+01  0.53149000E+01
  0.28911040E+01  0.51412000E+01
  0.29828182E+01  0.51095000E+01
  0.30745324E+01  0.50705000E+01
  0.31639439E+01  0.49991000E+01
  
  0.00000000E+00  0.63486000E+01
  0.89411573E-01  0.63037000E+01
  0.17882315E+00  0.64433000E+01
  0.26823472E+00  0.67351000E+01
  0.35764629E+00  0.68643000E+01
  0.44705787E+00  0.65903000E+01
  0.53646944E+00  0.63122000E+01
  0.62588101E+00  0.60964000E+01
  0.71529259E+00  0.58948000E+01
  0.80470416E+00  0.57080000E+01
  0.89411573E+00  0.55362000E+01
  0.98352731E+00  0.52039000E+01
  0.10729389E+01  0.52385000E+01
  0.11623505E+01  0.51125000E+01
  0.12517620E+01  0.50014000E+01
  0.13411736E+01  0.49049000E+01
  0.14305852E+01  0.49039000E+01
  0.15199967E+01  0.50311000E+01
  0.16094083E+01  0.52573000E+01
  0.16988199E+01  0.54406000E+01
  0.17905341E+01  0.55437000E+01
  0.18822482E+01  0.55837000E+01
  0.19739624E+01  0.56893000E+01
  0.20656765E+01  0.58332000E+01
  0.21573907E+01  0.59942000E+01
  0.22491049E+01  0.61613000E+01
  0.23408190E+01  0.59632000E+01
  0.24325332E+01  0.57354000E+01
  0.25242474E+01  0.55443000E+01
  0.26159615E+01  0.54838000E+01
  0.27076757E+01  0.54599000E+01
  0.27993899E+01  0.54137000E+01
  0.28911040E+01  0.55596000E+01
  0.29828182E+01  0.52933000E+01
  0.30745324E+01  0.51082000E+01
  0.31639439E+01  0.49992000E+01
  
  0.00000000E+00  0.66264000E+01
  0.89411573E-01  0.66319000E+01
  0.17882315E+00  0.69491000E+01
  0.26823472E+00  0.69961000E+01
  0.35764629E+00  0.68822000E+01
  0.44705787E+00  0.68479000E+01
  0.53646944E+00  0.69187000E+01
  0.62588101E+00  0.69940000E+01
  0.71529259E+00  0.66567000E+01
  0.80470416E+00  0.60961000E+01
  0.89411573E+00  0.55968000E+01
  0.98352731E+00  0.53797000E+01
  0.10729389E+01  0.53265000E+01
  0.11623505E+01  0.56505000E+01
  0.12517620E+01  0.59971000E+01
  0.13411736E+01  0.58437000E+01
  0.14305852E+01  0.56330000E+01
  0.15199967E+01  0.54376000E+01
  0.16094083E+01  0.52761000E+01
  0.16988199E+01  0.55500000E+01
  0.17905341E+01  0.57194000E+01
  0.18822482E+01  0.57284000E+01
  0.19739624E+01  0.58099000E+01
  0.20656765E+01  0.60178000E+01
  0.21573907E+01  0.62723000E+01
  0.22491049E+01  0.61929000E+01
  0.23408190E+01  0.63299000E+01
  0.24325332E+01  0.64993000E+01
  0.25242474E+01  0.63834000E+01
  0.26159615E+01  0.61398000E+01
  0.27076757E+01  0.60016000E+01
  0.27993899E+01  0.58953000E+01
  0.28911040E+01  0.56389000E+01
  0.29828182E+01  0.53845000E+01
  0.30745324E+01  0.53586000E+01
  0.31639439E+01  0.56100000E+01
  
  0.00000000E+00  0.66264000E+01
  0.89411573E-01  0.69630000E+01
  0.17882315E+00  0.72076000E+01
  0.26823472E+00  0.70350000E+01
  0.35764629E+00  0.68971000E+01
  0.44705787E+00  0.72534000E+01
  0.53646944E+00  0.75323000E+01
  0.62588101E+00  0.72268000E+01
  0.71529259E+00  0.70030000E+01
  0.80470416E+00  0.69295000E+01
  0.89411573E+00  0.67996000E+01
  0.98352731E+00  0.66379000E+01
  0.10729389E+01  0.64569000E+01
  0.11623505E+01  0.62620000E+01
  0.12517620E+01  0.60561000E+01
  0.13411736E+01  0.63531000E+01
  0.14305852E+01  0.66972000E+01
  0.15199967E+01  0.66630000E+01
  0.16094083E+01  0.66105000E+01
  0.16988199E+01  0.65772000E+01
  0.17905341E+01  0.65657000E+01
  0.18822482E+01  0.65666000E+01
  0.19739624E+01  0.65627000E+01
  0.20656765E+01  0.65236000E+01
  0.21573907E+01  0.63958000E+01
  0.22491049E+01  0.65123000E+01
  0.23408190E+01  0.67170000E+01
  0.24325332E+01  0.66306000E+01
  0.25242474E+01  0.66704000E+01
  0.26159615E+01  0.65365000E+01
  0.27076757E+01  0.62145000E+01
  0.27993899E+01  0.59272000E+01
  0.28911040E+01  0.56631000E+01
  0.29828182E+01  0.58278000E+01
  0.30745324E+01  0.58761000E+01
  0.31639439E+01  0.56103000E+01
  
  0.00000000E+00  0.77400000E+01
  0.89411573E-01  0.74628000E+01
  0.17882315E+00  0.72943000E+01
  0.26823472E+00  0.72695000E+01
  0.35764629E+00  0.75009000E+01
  0.44705787E+00  0.77191000E+01
  0.53646944E+00  0.80685000E+01
  0.62588101E+00  0.79537000E+01
  0.71529259E+00  0.77700000E+01
  0.80470416E+00  0.75965000E+01
  0.89411573E+00  0.74345000E+01
  0.98352731E+00  0.72848000E+01
  0.10729389E+01  0.71478000E+01
  0.11623505E+01  0.70239000E+01
  0.12517620E+01  0.69132000E+01
  0.13411736E+01  0.68157000E+01
  0.14305852E+01  0.67320000E+01
  0.15199967E+01  0.69778000E+01
  0.16094083E+01  0.69223000E+01
  0.16988199E+01  0.68890000E+01
  0.17905341E+01  0.67047000E+01
  0.18822482E+01  0.67409000E+01
  0.19739624E+01  0.68472000E+01
  0.20656765E+01  0.68853000E+01
  0.21573907E+01  0.68261000E+01
  0.22491049E+01  0.68178000E+01
  0.23408190E+01  0.67829000E+01
  0.24325332E+01  0.68750000E+01
  0.25242474E+01  0.68270000E+01
  0.26159615E+01  0.67057000E+01
  0.27076757E+01  0.63740000E+01
  0.27993899E+01  0.61797000E+01
  0.28911040E+01  0.62887000E+01
  0.29828182E+01  0.61998000E+01
  0.30745324E+01  0.60827000E+01
  0.31639439E+01  0.63073000E+01
  
  0.00000000E+00  0.77400000E+01
  0.89411573E-01  0.75556000E+01
  0.17882315E+00  0.73105000E+01
  0.26823472E+00  0.76610000E+01
  0.35764629E+00  0.79863000E+01
  0.44705787E+00  0.81973000E+01
  0.53646944E+00  0.81256000E+01
  0.62588101E+00  0.82022000E+01
  0.71529259E+00  0.81963000E+01
  0.80470416E+00  0.80941000E+01
  0.89411573E+00  0.79209000E+01
  0.98352731E+00  0.77419000E+01
  0.10729389E+01  0.75716000E+01
  0.11623505E+01  0.74151000E+01
  0.12517620E+01  0.72754000E+01
  0.13411736E+01  0.71550000E+01
  0.14305852E+01  0.70555000E+01
  0.15199967E+01  0.69895000E+01
  0.16094083E+01  0.71609000E+01
  0.16988199E+01  0.69088000E+01
  0.17905341E+01  0.68779000E+01
  0.18822482E+01  0.68924000E+01
  0.19739624E+01  0.69364000E+01
  0.20656765E+01  0.70122000E+01
  0.21573907E+01  0.71212000E+01
  0.22491049E+01  0.72503000E+01
  0.23408190E+01  0.73262000E+01
  0.24325332E+01  0.72209000E+01
  0.25242474E+01  0.70465000E+01
  0.26159615E+01  0.68445000E+01
  0.27076757E+01  0.70233000E+01
  0.27993899E+01  0.68245000E+01
  0.28911040E+01  0.65057000E+01
  0.29828182E+01  0.64615000E+01
  0.30745324E+01  0.65140000E+01
  0.31639439E+01  0.63076000E+01
  
  0.00000000E+00  0.78098000E+01
  0.89411573E-01  0.80166000E+01
  0.17882315E+00  0.82268000E+01
  0.26823472E+00  0.81602000E+01
  0.35764629E+00  0.79906000E+01
  0.44705787E+00  0.82255000E+01
  0.53646944E+00  0.81456000E+01
  0.62588101E+00  0.82102000E+01
  0.71529259E+00  0.82903000E+01
  0.80470416E+00  0.83347000E+01
  0.89411573E+00  0.84061000E+01
  0.98352731E+00  0.85126000E+01
  0.10729389E+01  0.86567000E+01
  0.11623505E+01  0.88345000E+01
  0.12517620E+01  0.90039000E+01
  0.13411736E+01  0.87549000E+01
  0.14305852E+01  0.82831000E+01
  0.15199967E+01  0.77964000E+01
  0.16094083E+01  0.73237000E+01
  0.16988199E+01  0.71774000E+01
  0.17905341E+01  0.71510000E+01
  0.18822482E+01  0.71100000E+01
  0.19739624E+01  0.70040000E+01
  0.20656765E+01  0.70180000E+01
  0.21573907E+01  0.72448000E+01
  0.22491049E+01  0.75176000E+01
  0.23408190E+01  0.73950000E+01
  0.24325332E+01  0.72573000E+01
  0.25242474E+01  0.71573000E+01
  0.26159615E+01  0.72848000E+01
  0.27076757E+01  0.71413000E+01
  0.27993899E+01  0.72077000E+01
  0.28911040E+01  0.71788000E+01
  0.29828182E+01  0.69134000E+01
  0.30745324E+01  0.68002000E+01
  0.31639439E+01  0.69719000E+01
  
  0.00000000E+00  0.78098000E+01
  0.89411573E-01  0.80413000E+01
  0.17882315E+00  0.82289000E+01
  0.26823472E+00  0.83593000E+01
  0.35764629E+00  0.84551000E+01
  0.44705787E+00  0.83428000E+01
  0.53646944E+00  0.82672000E+01
  0.62588101E+00  0.83114000E+01
  0.71529259E+00  0.85231000E+01
  0.80470416E+00  0.86057000E+01
  0.89411573E+00  0.88574000E+01
  0.98352731E+00  0.91779000E+01
  0.10729389E+01  0.95221000E+01
  0.11623505E+01  0.97056000E+01
  0.12517620E+01  0.93377000E+01
  0.13411736E+01  0.93657000E+01
  0.14305852E+01  0.93174000E+01
  0.15199967E+01  0.89770000E+01
  0.16094083E+01  0.87986000E+01
  0.16988199E+01  0.88443000E+01
  0.17905341E+01  0.89798000E+01
  0.18822482E+01  0.90113000E+01
  0.19739624E+01  0.86586000E+01
  0.20656765E+01  0.83252000E+01
  0.21573907E+01  0.79830000E+01
  0.22491049E+01  0.76568000E+01
  0.23408190E+01  0.78248000E+01
  0.24325332E+01  0.75537000E+01
  0.25242474E+01  0.74115000E+01
  0.26159615E+01  0.74757000E+01
  0.27076757E+01  0.74831000E+01
  0.27993899E+01  0.74451000E+01
  0.28911040E+01  0.73985000E+01
  0.29828182E+01  0.74387000E+01
  0.30745324E+01  0.71963000E+01
  0.31639439E+01  0.69721000E+01
  
