  0.00000000E+00 -0.14461700E+02
  0.89411573E-01 -0.14726700E+02
  0.17882315E+00 -0.14981900E+02
  0.26823472E+00 -0.15226200E+02
  0.35764629E+00 -0.15459100E+02
  0.44705787E+00 -0.15679800E+02
  0.53646944E+00 -0.15888000E+02
  0.62588101E+00 -0.16083100E+02
  0.71529259E+00 -0.16264900E+02
  0.80470416E+00 -0.16433000E+02
  0.89411573E+00 -0.16587100E+02
  0.98352731E+00 -0.16727200E+02
  0.10729389E+01 -0.16852900E+02
  0.11623505E+01 -0.16964100E+02
  0.12517620E+01 -0.17060800E+02
  0.13411736E+01 -0.17142800E+02
  0.14305852E+01 -0.17209900E+02
  0.15199967E+01 -0.17262200E+02
  0.16094083E+01 -0.17299600E+02
  0.16988199E+01 -0.17322100E+02
  0.17905341E+01 -0.17329600E+02
  0.18822482E+01 -0.17323200E+02
  0.19739624E+01 -0.17304000E+02
  0.20656765E+01 -0.17272100E+02
  0.21573907E+01 -0.17227800E+02
  0.22491049E+01 -0.17171100E+02
  0.23408190E+01 -0.17102400E+02
  0.24325332E+01 -0.17022000E+02
  0.25242474E+01 -0.16930600E+02
  0.26159615E+01 -0.16828500E+02
  0.27076757E+01 -0.16716700E+02
  0.27993899E+01 -0.16595800E+02
  0.28911040E+01 -0.16467000E+02
  0.29828182E+01 -0.16331600E+02
  0.30745324E+01 -0.16191000E+02
  0.31639439E+01 -0.16047000E+02
  
  0.00000000E+00 -0.14461700E+02
  0.89411573E-01 -0.14187800E+02
  0.17882315E+00 -0.13906400E+02
  0.26823472E+00 -0.13619200E+02
  0.35764629E+00 -0.13328100E+02
  0.44705787E+00 -0.13109900E+02
  0.53646944E+00 -0.13328200E+02
  0.62588101E+00 -0.13532200E+02
  0.71529259E+00 -0.13721600E+02
  0.80470416E+00 -0.13896300E+02
  0.89411573E+00 -0.14056100E+02
  0.98352731E+00 -0.14201000E+02
  0.10729389E+01 -0.14330900E+02
  0.11623505E+01 -0.14445700E+02
  0.12517620E+01 -0.14545300E+02
  0.13411736E+01 -0.14629700E+02
  0.14305852E+01 -0.14698800E+02
  0.15199967E+01 -0.14752600E+02
  0.16094083E+01 -0.14791000E+02
  0.16988199E+01 -0.14814100E+02
  0.17905341E+01 -0.14821800E+02
  0.18822482E+01 -0.14825700E+02
  0.19739624E+01 -0.14837600E+02
  0.20656765E+01 -0.14858300E+02
  0.21573907E+01 -0.14889200E+02
  0.22491049E+01 -0.14931900E+02
  0.23408190E+01 -0.14987700E+02
  0.24325332E+01 -0.15058000E+02
  0.25242474E+01 -0.15143400E+02
  0.26159615E+01 -0.15243400E+02
  0.27076757E+01 -0.15357000E+02
  0.27993899E+01 -0.15482300E+02
  0.28911040E+01 -0.15616600E+02
  0.29828182E+01 -0.15757300E+02
  0.30745324E+01 -0.15901600E+02
  0.31639439E+01 -0.16047000E+02
  
  0.00000000E+00 -0.11809800E+02
  0.89411573E-01 -0.12096600E+02
  0.17882315E+00 -0.12370400E+02
  0.26823472E+00 -0.12630700E+02
  0.35764629E+00 -0.12877300E+02
  0.44705787E+00 -0.13035600E+02
  0.53646944E+00 -0.12745000E+02
  0.62588101E+00 -0.12460000E+02
  0.71529259E+00 -0.12185000E+02
  0.80470416E+00 -0.11925100E+02
  0.89411573E+00 -0.11685700E+02
  0.98352731E+00 -0.11471700E+02
  0.10729389E+01 -0.11287100E+02
  0.11623505E+01 -0.11133600E+02
  0.12517620E+01 -0.11011000E+02
  0.13411736E+01 -0.10916700E+02
  0.14305852E+01 -0.10847000E+02
  0.15199967E+01 -0.10797900E+02
  0.16094083E+01 -0.10765700E+02
  0.16988199E+01 -0.10747600E+02
  0.17905341E+01 -0.10741700E+02
  0.18822482E+01 -0.10759500E+02
  0.19739624E+01 -0.10809700E+02
  0.20656765E+01 -0.10883900E+02
  0.21573907E+01 -0.10971300E+02
  0.22491049E+01 -0.11060600E+02
  0.23408190E+01 -0.11141500E+02
  0.24325332E+01 -0.11205900E+02
  0.25242474E+01 -0.11247700E+02
  0.26159615E+01 -0.11263100E+02
  0.27076757E+01 -0.11249900E+02
  0.27993899E+01 -0.11207700E+02
  0.28911040E+01 -0.11137200E+02
  0.29828182E+01 -0.11039900E+02
  0.30745324E+01 -0.10917600E+02
  0.31639439E+01 -0.10772400E+02
  
  0.00000000E+00 -0.11809800E+02
  0.89411573E-01 -0.11510200E+02
  0.17882315E+00 -0.11198500E+02
  0.26823472E+00 -0.10875200E+02
  0.35764629E+00 -0.10541100E+02
  0.44705787E+00 -0.10197300E+02
  0.53646944E+00 -0.98449000E+01
  0.62588101E+00 -0.94857000E+01
  0.71529259E+00 -0.91220000E+01
  0.80470416E+00 -0.87567000E+01
  0.89411573E+00 -0.83944000E+01
  0.98352731E+00 -0.80410000E+01
  0.10729389E+01 -0.77053000E+01
  0.11623505E+01 -0.77271000E+01
  0.12517620E+01 -0.78029000E+01
  0.13411736E+01 -0.78680000E+01
  0.14305852E+01 -0.79220000E+01
  0.15199967E+01 -0.79643000E+01
  0.16094083E+01 -0.79947000E+01
  0.16988199E+01 -0.80131000E+01
  0.17905341E+01 -0.80192000E+01
  0.18822482E+01 -0.80442000E+01
  0.19739624E+01 -0.81191000E+01
  0.20656765E+01 -0.82421000E+01
  0.21573907E+01 -0.84075000E+01
  0.22491049E+01 -0.86061000E+01
  0.23408190E+01 -0.88276000E+01
  0.24325332E+01 -0.90625000E+01
  0.25242474E+01 -0.93030000E+01
  0.26159615E+01 -0.95433000E+01
  0.27076757E+01 -0.97786000E+01
  0.27993899E+01 -0.10005400E+02
  0.28911040E+01 -0.10220600E+02
  0.29828182E+01 -0.10421700E+02
  0.30745324E+01 -0.10606400E+02
  0.31639439E+01 -0.10772400E+02
  
  0.00000000E+00 -0.67759000E+01
  0.89411573E-01 -0.68442000E+01
  0.17882315E+00 -0.69319000E+01
  0.26823472E+00 -0.70294000E+01
  0.35764629E+00 -0.71281000E+01
  0.44705787E+00 -0.72205000E+01
  0.53646944E+00 -0.72996000E+01
  0.62588101E+00 -0.73594000E+01
  0.71529259E+00 -0.73939000E+01
  0.80470416E+00 -0.73976000E+01
  0.89411573E+00 -0.74443000E+01
  0.98352731E+00 -0.75467000E+01
  0.10729389E+01 -0.76414000E+01
  0.11623505E+01 -0.73984000E+01
  0.12517620E+01 -0.71335000E+01
  0.13411736E+01 -0.69217000E+01
  0.14305852E+01 -0.67668000E+01
  0.15199967E+01 -0.67449000E+01
  0.16094083E+01 -0.67783000E+01
  0.16988199E+01 -0.67984000E+01
  0.17905341E+01 -0.68051000E+01
  0.18822482E+01 -0.67700000E+01
  0.19739624E+01 -0.66675000E+01
  0.20656765E+01 -0.66084000E+01
  0.21573907E+01 -0.66121000E+01
  0.22491049E+01 -0.65935000E+01
  0.23408190E+01 -0.65514000E+01
  0.24325332E+01 -0.64872000E+01
  0.25242474E+01 -0.64031000E+01
  0.26159615E+01 -0.63008000E+01
  0.27076757E+01 -0.61819000E+01
  0.27993899E+01 -0.60476000E+01
  0.28911040E+01 -0.58989000E+01
  0.29828182E+01 -0.57368000E+01
  0.30745324E+01 -0.55622000E+01
  0.31639439E+01 -0.53760000E+01
  
  0.00000000E+00 -0.67759000E+01
  0.89411573E-01 -0.67357000E+01
  0.17882315E+00 -0.67296000E+01
  0.26823472E+00 -0.67585000E+01
  0.35764629E+00 -0.68185000E+01
  0.44705787E+00 -0.69023000E+01
  0.53646944E+00 -0.70022000E+01
  0.62588101E+00 -0.71112000E+01
  0.71529259E+00 -0.72239000E+01
  0.80470416E+00 -0.73359000E+01
  0.89411573E+00 -0.73654000E+01
  0.98352731E+00 -0.72934000E+01
  0.10729389E+01 -0.71797000E+01
  0.11623505E+01 -0.70259000E+01
  0.12517620E+01 -0.68371000E+01
  0.13411736E+01 -0.66387000E+01
  0.14305852E+01 -0.66983000E+01
  0.15199967E+01 -0.66632000E+01
  0.16094083E+01 -0.66000000E+01
  0.16988199E+01 -0.65666000E+01
  0.17905341E+01 -0.65562000E+01
  0.18822482E+01 -0.65661000E+01
  0.19739624E+01 -0.65887000E+01
  0.20656765E+01 -0.65056000E+01
  0.21573907E+01 -0.62947000E+01
  0.22491049E+01 -0.60455000E+01
  0.23408190E+01 -0.57679000E+01
  0.24325332E+01 -0.55897000E+01
  0.25242474E+01 -0.55210000E+01
  0.26159615E+01 -0.54452000E+01
  0.27076757E+01 -0.53633000E+01
  0.27993899E+01 -0.52763000E+01
  0.28911040E+01 -0.51854000E+01
  0.29828182E+01 -0.50918000E+01
  0.30745324E+01 -0.51793000E+01
  0.31639439E+01 -0.53760000E+01
  
  0.00000000E+00 -0.48051000E+01
  0.89411573E-01 -0.49019000E+01
  0.17882315E+00 -0.50207000E+01
  0.26823472E+00 -0.51553000E+01
  0.35764629E+00 -0.53002000E+01
  0.44705787E+00 -0.54501000E+01
  0.53646944E+00 -0.56011000E+01
  0.62588101E+00 -0.57497000E+01
  0.71529259E+00 -0.58934000E+01
  0.80470416E+00 -0.60302000E+01
  0.89411573E+00 -0.61585000E+01
  0.98352731E+00 -0.62771000E+01
  0.10729389E+01 -0.63851000E+01
  0.11623505E+01 -0.64817000E+01
  0.12517620E+01 -0.65664000E+01
  0.13411736E+01 -0.66232000E+01
  0.14305852E+01 -0.63984000E+01
  0.15199967E+01 -0.61818000E+01
  0.16094083E+01 -0.59973000E+01
  0.16988199E+01 -0.58712000E+01
  0.17905341E+01 -0.58261000E+01
  0.18822482E+01 -0.58211000E+01
  0.19739624E+01 -0.58062000E+01
  0.20656765E+01 -0.57814000E+01
  0.21573907E+01 -0.57470000E+01
  0.22491049E+01 -0.57033000E+01
  0.23408190E+01 -0.56507000E+01
  0.24325332E+01 -0.54705000E+01
  0.25242474E+01 -0.51612000E+01
  0.26159615E+01 -0.48490000E+01
  0.27076757E+01 -0.45650000E+01
  0.27993899E+01 -0.45625000E+01
  0.28911040E+01 -0.47626000E+01
  0.29828182E+01 -0.49737000E+01
  0.30745324E+01 -0.49969000E+01
  0.31639439E+01 -0.49025000E+01
  
  0.00000000E+00 -0.48051000E+01
  0.89411573E-01 -0.47353000E+01
  0.17882315E+00 -0.46957000E+01
  0.26823472E+00 -0.46864000E+01
  0.35764629E+00 -0.47045000E+01
  0.44705787E+00 -0.47445000E+01
  0.53646944E+00 -0.48001000E+01
  0.62588101E+00 -0.48643000E+01
  0.71529259E+00 -0.49307000E+01
  0.80470416E+00 -0.49929000E+01
  0.89411573E+00 -0.50446000E+01
  0.98352731E+00 -0.50790000E+01
  0.10729389E+01 -0.50881000E+01
  0.11623505E+01 -0.50627000E+01
  0.12517620E+01 -0.49936000E+01
  0.13411736E+01 -0.48764000E+01
  0.14305852E+01 -0.47174000E+01
  0.15199967E+01 -0.45374000E+01
  0.16094083E+01 -0.43685000E+01
  0.16988199E+01 -0.42466000E+01
  0.17905341E+01 -0.42019000E+01
  0.18822482E+01 -0.42041000E+01
  0.19739624E+01 -0.42107000E+01
  0.20656765E+01 -0.42221000E+01
  0.21573907E+01 -0.42388000E+01
  0.22491049E+01 -0.42616000E+01
  0.23408190E+01 -0.42911000E+01
  0.24325332E+01 -0.43282000E+01
  0.25242474E+01 -0.43733000E+01
  0.26159615E+01 -0.44269000E+01
  0.27076757E+01 -0.44890000E+01
  0.27993899E+01 -0.45593000E+01
  0.28911040E+01 -0.46369000E+01
  0.29828182E+01 -0.47209000E+01
  0.30745324E+01 -0.48099000E+01
  0.31639439E+01 -0.49025000E+01
  
  0.00000000E+00 -0.42518000E+01
  0.89411573E-01 -0.43097000E+01
  0.17882315E+00 -0.43231000E+01
  0.26823472E+00 -0.42947000E+01
  0.35764629E+00 -0.42335000E+01
  0.44705787E+00 -0.41530000E+01
  0.53646944E+00 -0.40683000E+01
  0.62588101E+00 -0.39931000E+01
  0.71529259E+00 -0.39377000E+01
  0.80470416E+00 -0.39068000E+01
  0.89411573E+00 -0.38998000E+01
  0.98352731E+00 -0.39125000E+01
  0.10729389E+01 -0.39388000E+01
  0.11623505E+01 -0.39730000E+01
  0.12517620E+01 -0.40103000E+01
  0.13411736E+01 -0.40469000E+01
  0.14305852E+01 -0.40799000E+01
  0.15199967E+01 -0.41074000E+01
  0.16094083E+01 -0.41280000E+01
  0.16988199E+01 -0.41406000E+01
  0.17905341E+01 -0.41449000E+01
  0.18822482E+01 -0.40987000E+01
  0.19739624E+01 -0.39680000E+01
  0.20656765E+01 -0.37713000E+01
  0.21573907E+01 -0.35298000E+01
  0.22491049E+01 -0.32628000E+01
  0.23408190E+01 -0.33020000E+01
  0.24325332E+01 -0.35461000E+01
  0.25242474E+01 -0.37881000E+01
  0.26159615E+01 -0.40226000E+01
  0.27076757E+01 -0.42214000E+01
  0.27993899E+01 -0.41336000E+01
  0.28911040E+01 -0.38403000E+01
  0.29828182E+01 -0.35353000E+01
  0.30745324E+01 -0.32374000E+01
  0.31639439E+01 -0.29538000E+01
  
  0.00000000E+00 -0.42518000E+01
  0.89411573E-01 -0.41530000E+01
  0.17882315E+00 -0.40202000E+01
  0.26823472E+00 -0.38617000E+01
  0.35764629E+00 -0.36858000E+01
  0.44705787E+00 -0.34994000E+01
  0.53646944E+00 -0.33090000E+01
  0.62588101E+00 -0.31202000E+01
  0.71529259E+00 -0.29380000E+01
  0.80470416E+00 -0.27668000E+01
  0.89411573E+00 -0.26100000E+01
  0.98352731E+00 -0.24704000E+01
  0.10729389E+01 -0.23497000E+01
  0.11623505E+01 -0.22487000E+01
  0.12517620E+01 -0.21673000E+01
  0.13411736E+01 -0.21053000E+01
  0.14305852E+01 -0.20622000E+01
  0.15199967E+01 -0.20373000E+01
  0.16094083E+01 -0.20289000E+01
  0.16988199E+01 -0.20311000E+01
  0.17905341E+01 -0.20337000E+01
  0.18822482E+01 -0.21554000E+01
  0.19739624E+01 -0.23610000E+01
  0.20656765E+01 -0.25851000E+01
  0.21573907E+01 -0.28188000E+01
  0.22491049E+01 -0.30586000E+01
  0.23408190E+01 -0.29874000E+01
  0.24325332E+01 -0.27202000E+01
  0.25242474E+01 -0.24802000E+01
  0.26159615E+01 -0.22919000E+01
  0.27076757E+01 -0.21854000E+01
  0.27993899E+01 -0.21839000E+01
  0.28911040E+01 -0.22846000E+01
  0.29828182E+01 -0.24627000E+01
  0.30745324E+01 -0.26918000E+01
  0.31639439E+01 -0.29538000E+01
  
  0.00000000E+00 -0.87500000E+00
  0.89411573E-01 -0.89400000E+00
  0.17882315E+00 -0.85770000E+00
  0.26823472E+00 -0.89280000E+00
  0.35764629E+00 -0.10268000E+01
  0.44705787E+00 -0.11209000E+01
  0.53646944E+00 -0.11678000E+01
  0.62588101E+00 -0.11606000E+01
  0.71529259E+00 -0.10953000E+01
  0.80470416E+00 -0.97190000E+00
  0.89411573E+00 -0.10723000E+01
  0.98352731E+00 -0.12022000E+01
  0.10729389E+01 -0.13199000E+01
  0.11623505E+01 -0.14246000E+01
  0.12517620E+01 -0.15159000E+01
  0.13411736E+01 -0.15936000E+01
  0.14305852E+01 -0.16574000E+01
  0.15199967E+01 -0.17071000E+01
  0.16094083E+01 -0.17427000E+01
  0.16988199E+01 -0.17641000E+01
  0.17905341E+01 -0.17712000E+01
  0.18822482E+01 -0.16565000E+01
  0.19739624E+01 -0.14708000E+01
  0.20656765E+01 -0.12781000E+01
  0.21573907E+01 -0.10877000E+01
  0.22491049E+01 -0.92420000E+00
  0.23408190E+01 -0.83370000E+00
  0.24325332E+01 -0.76750000E+00
  0.25242474E+01 -0.70050000E+00
  0.26159615E+01 -0.63030000E+00
  0.27076757E+01 -0.58150000E+00
  0.27993899E+01 -0.58930000E+00
  0.28911040E+01 -0.54410000E+00
  0.29828182E+01 -0.47540000E+00
  0.30745324E+01 -0.41250000E+00
  0.31639439E+01 -0.37360000E+00
  
  0.00000000E+00 -0.87500000E+00
  0.89411573E-01 -0.80540000E+00
  0.17882315E+00 -0.72570000E+00
  0.26823472E+00 -0.76480000E+00
  0.35764629E+00 -0.61760000E+00
  0.44705787E+00 -0.42100000E+00
  0.53646944E+00 -0.48180000E+00
  0.62588101E+00 -0.62690000E+00
  0.71529259E+00 -0.78120000E+00
  0.80470416E+00 -0.93130000E+00
  0.89411573E+00 -0.79530000E+00
  0.98352731E+00 -0.57400000E+00
  0.10729389E+01 -0.31780000E+00
  0.11623505E+01 -0.37200000E-01
  0.12517620E+01  0.25740000E+00
  0.13411736E+01  0.41430000E+00
  0.14305852E+01 -0.37100000E-01
  0.15199967E+01 -0.41970000E+00
  0.16094083E+01 -0.71240000E+00
  0.16988199E+01 -0.89570000E+00
  0.17905341E+01 -0.95780000E+00
  0.18822482E+01 -0.95340000E+00
  0.19739624E+01 -0.93980000E+00
  0.20656765E+01 -0.91560000E+00
  0.21573907E+01 -0.87650000E+00
  0.22491049E+01 -0.79720000E+00
  0.23408190E+01 -0.63050000E+00
  0.24325332E+01 -0.42500000E+00
  0.25242474E+01 -0.40280000E+00
  0.26159615E+01 -0.51320000E+00
  0.27076757E+01 -0.55900000E+00
  0.27993899E+01 -0.49060000E+00
  0.28911040E+01 -0.43080000E+00
  0.29828182E+01 -0.38650000E+00
  0.30745324E+01 -0.36540000E+00
  0.31639439E+01 -0.37360000E+00
  
  0.00000000E+00 -0.31350000E+00
  0.89411573E-01 -0.53110000E+00
  0.17882315E+00 -0.69420000E+00
  0.26823472E+00 -0.55640000E+00
  0.35764629E+00 -0.42670000E+00
  0.44705787E+00 -0.38940000E+00
  0.53646944E+00 -0.18110000E+00
  0.62588101E+00  0.95500000E-01
  0.71529259E+00  0.40220000E+00
  0.80470416E+00  0.73240000E+00
  0.89411573E+00  0.10774000E+01
  0.98352731E+00  0.14230000E+01
  0.10729389E+01  0.17340000E+01
  0.11623505E+01  0.14500000E+01
  0.12517620E+01  0.91600000E+00
  0.13411736E+01  0.55490000E+00
  0.14305852E+01  0.84240000E+00
  0.15199967E+01  0.76720000E+00
  0.16094083E+01  0.47990000E+00
  0.16988199E+01  0.28890000E+00
  0.17905341E+01  0.22160000E+00
  0.18822482E+01  0.21150000E+00
  0.19739624E+01  0.18120000E+00
  0.20656765E+01  0.12990000E+00
  0.21573907E+01  0.57100000E-01
  0.22491049E+01 -0.36900000E-01
  0.23408190E+01 -0.14970000E+00
  0.24325332E+01 -0.27540000E+00
  0.25242474E+01 -0.20810000E+00
  0.26159615E+01  0.14000000E-01
  0.27076757E+01  0.23680000E+00
  0.27993899E+01  0.45530000E+00
  0.28911040E+01  0.66450000E+00
  0.29828182E+01  0.86060000E+00
  0.30745324E+01  0.10429000E+01
  0.31639439E+01  0.11468000E+01
  
  0.00000000E+00 -0.31350000E+00
  0.89411573E-01 -0.77000000E-01
  0.17882315E+00  0.17530000E+00
  0.26823472E+00  0.35830000E+00
  0.35764629E+00  0.21190000E+00
  0.44705787E+00  0.19810000E+00
  0.53646944E+00  0.34990000E+00
  0.62588101E+00  0.58660000E+00
  0.71529259E+00  0.86090000E+00
  0.80470416E+00  0.11560000E+01
  0.89411573E+00  0.14632000E+01
  0.98352731E+00  0.17751000E+01
  0.10729389E+01  0.19858000E+01
  0.11623505E+01  0.19070000E+01
  0.12517620E+01  0.17960000E+01
  0.13411736E+01  0.14829000E+01
  0.14305852E+01  0.11158000E+01
  0.15199967E+01  0.11040000E+01
  0.16094083E+01  0.13191000E+01
  0.16988199E+01  0.14637000E+01
  0.17905341E+01  0.15151000E+01
  0.18822482E+01  0.15000000E+01
  0.19739624E+01  0.14565000E+01
  0.20656765E+01  0.13900000E+01
  0.21573907E+01  0.13082000E+01
  0.22491049E+01  0.12192000E+01
  0.23408190E+01  0.11311000E+01
  0.24325332E+01  0.10509000E+01
  0.25242474E+01  0.98430000E+00
  0.26159615E+01  0.93590000E+00
  0.27076757E+01  0.90910000E+00
  0.27993899E+01  0.90610000E+00
  0.28911040E+01  0.92830000E+00
  0.29828182E+01  0.97600000E+00
  0.30745324E+01  0.10491000E+01
  0.31639439E+01  0.11468000E+01
  
  0.00000000E+00  0.10208000E+01
  0.89411573E-01  0.78240000E+00
  0.17882315E+00  0.55830000E+00
  0.26823472E+00  0.44020000E+00
  0.35764629E+00  0.71470000E+00
  0.44705787E+00  0.99580000E+00
  0.53646944E+00  0.12803000E+01
  0.62588101E+00  0.15650000E+01
  0.71529259E+00  0.18462000E+01
  0.80470416E+00  0.21173000E+01
  0.89411573E+00  0.23523000E+01
  0.98352731E+00  0.23877000E+01
  0.10729389E+01  0.20808000E+01
  0.11623505E+01  0.23402000E+01
  0.12517620E+01  0.24118000E+01
  0.13411736E+01  0.23586000E+01
  0.14305852E+01  0.22961000E+01
  0.15199967E+01  0.22436000E+01
  0.16094083E+01  0.22050000E+01
  0.16988199E+01  0.21815000E+01
  0.17905341E+01  0.21737000E+01
  0.18822482E+01  0.21922000E+01
  0.19739624E+01  0.22466000E+01
  0.20656765E+01  0.23005000E+01
  0.21573907E+01  0.23620000E+01
  0.22491049E+01  0.24396000E+01
  0.23408190E+01  0.25306000E+01
  0.24325332E+01  0.26104000E+01
  0.25242474E+01  0.24052000E+01
  0.26159615E+01  0.21766000E+01
  0.27076757E+01  0.19607000E+01
  0.27993899E+01  0.17600000E+01
  0.28911040E+01  0.15765000E+01
  0.29828182E+01  0.14120000E+01
  0.30745324E+01  0.12683000E+01
  0.31639439E+01  0.12144000E+01
  
  0.00000000E+00  0.10208000E+01
  0.89411573E-01  0.12689000E+01
  0.17882315E+00  0.15233000E+01
  0.26823472E+00  0.17810000E+01
  0.35764629E+00  0.20386000E+01
  0.44705787E+00  0.22918000E+01
  0.53646944E+00  0.25354000E+01
  0.62588101E+00  0.27619000E+01
  0.71529259E+00  0.29613000E+01
  0.80470416E+00  0.31181000E+01
  0.89411573E+00  0.30274000E+01
  0.98352731E+00  0.28775000E+01
  0.10729389E+01  0.27423000E+01
  0.11623505E+01  0.26221000E+01
  0.12517620E+01  0.25174000E+01
  0.13411736E+01  0.24283000E+01
  0.14305852E+01  0.23548000E+01
  0.15199967E+01  0.22971000E+01
  0.16094083E+01  0.22552000E+01
  0.16988199E+01  0.22293000E+01
  0.17905341E+01  0.22205000E+01
  0.18822482E+01  0.22294000E+01
  0.19739624E+01  0.22562000E+01
  0.20656765E+01  0.23335000E+01
  0.21573907E+01  0.24482000E+01
  0.22491049E+01  0.25854000E+01
  0.23408190E+01  0.27406000E+01
  0.24325332E+01  0.26437000E+01
  0.25242474E+01  0.24936000E+01
  0.26159615E+01  0.22946000E+01
  0.27076757E+01  0.20970000E+01
  0.27993899E+01  0.19064000E+01
  0.28911040E+01  0.17240000E+01
  0.29828182E+01  0.15496000E+01
  0.30745324E+01  0.13813000E+01
  0.31639439E+01  0.12145000E+01
  
  0.00000000E+00  0.45118000E+01
  0.89411573E-01  0.44557000E+01
  0.17882315E+00  0.43816000E+01
  0.26823472E+00  0.43115000E+01
  0.35764629E+00  0.41491000E+01
  0.44705787E+00  0.39533000E+01
  0.53646944E+00  0.37528000E+01
  0.62588101E+00  0.35562000E+01
  0.71529259E+00  0.33681000E+01
  0.80470416E+00  0.31913000E+01
  0.89411573E+00  0.30317000E+01
  0.98352731E+00  0.28818000E+01
  0.10729389E+01  0.27577000E+01
  0.11623505E+01  0.26936000E+01
  0.12517620E+01  0.28244000E+01
  0.13411736E+01  0.30765000E+01
  0.14305852E+01  0.30844000E+01
  0.15199967E+01  0.30248000E+01
  0.16094083E+01  0.29818000E+01
  0.16988199E+01  0.29557000E+01
  0.17905341E+01  0.29470000E+01
  0.18822482E+01  0.29557000E+01
  0.19739624E+01  0.29818000E+01
  0.20656765E+01  0.30247000E+01
  0.21573907E+01  0.30817000E+01
  0.22491049E+01  0.31238000E+01
  0.23408190E+01  0.28886000E+01
  0.24325332E+01  0.27767000E+01
  0.25242474E+01  0.28045000E+01
  0.26159615E+01  0.29381000E+01
  0.27076757E+01  0.30936000E+01
  0.27993899E+01  0.32648000E+01
  0.28911040E+01  0.34498000E+01
  0.29828182E+01  0.36473000E+01
  0.30745324E+01  0.38552000E+01
  0.31639439E+01  0.40694000E+01
  
  0.00000000E+00  0.45118000E+01
  0.89411573E-01  0.45204000E+01
  0.17882315E+00  0.44571000E+01
  0.26823472E+00  0.43251000E+01
  0.35764629E+00  0.42600000E+01
  0.44705787E+00  0.40519000E+01
  0.53646944E+00  0.38141000E+01
  0.62588101E+00  0.35929000E+01
  0.71529259E+00  0.33884000E+01
  0.80470416E+00  0.32011000E+01
  0.89411573E+00  0.32092000E+01
  0.98352731E+00  0.31163000E+01
  0.10729389E+01  0.31047000E+01
  0.11623505E+01  0.30204000E+01
  0.12517620E+01  0.31493000E+01
  0.13411736E+01  0.31606000E+01
  0.14305852E+01  0.33090000E+01
  0.15199967E+01  0.34141000E+01
  0.16094083E+01  0.34076000E+01
  0.16988199E+01  0.33913000E+01
  0.17905341E+01  0.33850000E+01
  0.18822482E+01  0.33969000E+01
  0.19739624E+01  0.34327000E+01
  0.20656765E+01  0.34922000E+01
  0.21573907E+01  0.33763000E+01
  0.22491049E+01  0.31351000E+01
  0.23408190E+01  0.29668000E+01
  0.24325332E+01  0.29102000E+01
  0.25242474E+01  0.30917000E+01
  0.26159615E+01  0.32841000E+01
  0.27076757E+01  0.34873000E+01
  0.27993899E+01  0.37017000E+01
  0.28911040E+01  0.39275000E+01
  0.29828182E+01  0.41644000E+01
  0.30745324E+01  0.42819000E+01
  0.31639439E+01  0.40694000E+01
  
  0.00000000E+00  0.54833000E+01
  0.89411573E-01  0.51653000E+01
  0.17882315E+00  0.48629000E+01
  0.26823472E+00  0.45764000E+01
  0.35764629E+00  0.43060000E+01
  0.44705787E+00  0.42374000E+01
  0.53646944E+00  0.42513000E+01
  0.62588101E+00  0.43070000E+01
  0.71529259E+00  0.41555000E+01
  0.80470416E+00  0.39646000E+01
  0.89411573E+00  0.34821000E+01
  0.98352731E+00  0.32054000E+01
  0.10729389E+01  0.32168000E+01
  0.11623505E+01  0.33627000E+01
  0.12517620E+01  0.32534000E+01
  0.13411736E+01  0.34550000E+01
  0.14305852E+01  0.35978000E+01
  0.15199967E+01  0.36694000E+01
  0.16094083E+01  0.38238000E+01
  0.16988199E+01  0.39410000E+01
  0.17905341E+01  0.39838000E+01
  0.18822482E+01  0.39330000E+01
  0.19739624E+01  0.37958000E+01
  0.20656765E+01  0.36020000E+01
  0.21573907E+01  0.34899000E+01
  0.22491049E+01  0.32733000E+01
  0.23408190E+01  0.32897000E+01
  0.24325332E+01  0.33970000E+01
  0.25242474E+01  0.35274000E+01
  0.26159615E+01  0.36764000E+01
  0.27076757E+01  0.38428000E+01
  0.27993899E+01  0.40262000E+01
  0.28911040E+01  0.42257000E+01
  0.29828182E+01  0.44394000E+01
  0.30745324E+01  0.44120000E+01
  0.31639439E+01  0.46443000E+01
  
  0.00000000E+00  0.54833000E+01
  0.89411573E-01  0.57565000E+01
  0.17882315E+00  0.55442000E+01
  0.26823472E+00  0.53087000E+01
  0.35764629E+00  0.50614000E+01
  0.44705787E+00  0.48171000E+01
  0.53646944E+00  0.45829000E+01
  0.62588101E+00  0.43618000E+01
  0.71529259E+00  0.43986000E+01
  0.80470416E+00  0.40632000E+01
  0.89411573E+00  0.37897000E+01
  0.98352731E+00  0.36310000E+01
  0.10729389E+01  0.34886000E+01
  0.11623505E+01  0.34898000E+01
  0.12517620E+01  0.37255000E+01
  0.13411736E+01  0.36423000E+01
  0.14305852E+01  0.38096000E+01
  0.15199967E+01  0.41322000E+01
  0.16094083E+01  0.43542000E+01
  0.16988199E+01  0.43551000E+01
  0.17905341E+01  0.43396000E+01
  0.18822482E+01  0.42390000E+01
  0.19739624E+01  0.40113000E+01
  0.20656765E+01  0.37495000E+01
  0.21573907E+01  0.35752000E+01
  0.22491049E+01  0.36811000E+01
  0.23408190E+01  0.38089000E+01
  0.24325332E+01  0.39572000E+01
  0.25242474E+01  0.41241000E+01
  0.26159615E+01  0.43074000E+01
  0.27076757E+01  0.45049000E+01
  0.27993899E+01  0.47124000E+01
  0.28911040E+01  0.46667000E+01
  0.29828182E+01  0.44860000E+01
  0.30745324E+01  0.46559000E+01
  0.31639439E+01  0.46444000E+01
  
  0.00000000E+00  0.59724000E+01
  0.89411573E-01  0.58165000E+01
  0.17882315E+00  0.60680000E+01
  0.26823472E+00  0.58365000E+01
  0.35764629E+00  0.55612000E+01
  0.44705787E+00  0.53021000E+01
  0.53646944E+00  0.50594000E+01
  0.62588101E+00  0.48333000E+01
  0.71529259E+00  0.46238000E+01
  0.80470416E+00  0.44310000E+01
  0.89411573E+00  0.42552000E+01
  0.98352731E+00  0.40963000E+01
  0.10729389E+01  0.39547000E+01
  0.11623505E+01  0.38307000E+01
  0.12517620E+01  0.38079000E+01
  0.13411736E+01  0.41488000E+01
  0.14305852E+01  0.45021000E+01
  0.15199967E+01  0.44575000E+01
  0.16094083E+01  0.43971000E+01
  0.16988199E+01  0.44620000E+01
  0.17905341E+01  0.44920000E+01
  0.18822482E+01  0.44929000E+01
  0.19739624E+01  0.45148000E+01
  0.20656765E+01  0.45576000E+01
  0.21573907E+01  0.46189000E+01
  0.22491049E+01  0.46983000E+01
  0.23408190E+01  0.47954000E+01
  0.24325332E+01  0.49100000E+01
  0.25242474E+01  0.49043000E+01
  0.26159615E+01  0.48803000E+01
  0.27076757E+01  0.48776000E+01
  0.27993899E+01  0.48373000E+01
  0.28911040E+01  0.48911000E+01
  0.29828182E+01  0.48799000E+01
  0.30745324E+01  0.48327000E+01
  0.31639439E+01  0.48671000E+01
  
  0.00000000E+00  0.59724000E+01
  0.89411573E-01  0.62093000E+01
  0.17882315E+00  0.61277000E+01
  0.26823472E+00  0.60387000E+01
  0.35764629E+00  0.60500000E+01
  0.44705787E+00  0.60140000E+01
  0.53646944E+00  0.59009000E+01
  0.62588101E+00  0.53702000E+01
  0.71529259E+00  0.47336000E+01
  0.80470416E+00  0.45874000E+01
  0.89411573E+00  0.47853000E+01
  0.98352731E+00  0.50352000E+01
  0.10729389E+01  0.49514000E+01
  0.11623505E+01  0.48267000E+01
  0.12517620E+01  0.47155000E+01
  0.13411736E+01  0.46172000E+01
  0.14305852E+01  0.45313000E+01
  0.15199967E+01  0.48279000E+01
  0.16094083E+01  0.47727000E+01
  0.16988199E+01  0.47348000E+01
  0.17905341E+01  0.47208000E+01
  0.18822482E+01  0.47312000E+01
  0.19739624E+01  0.47623000E+01
  0.20656765E+01  0.48137000E+01
  0.21573907E+01  0.48846000E+01
  0.22491049E+01  0.49734000E+01
  0.23408190E+01  0.50323000E+01
  0.24325332E+01  0.49555000E+01
  0.25242474E+01  0.50429000E+01
  0.26159615E+01  0.51758000E+01
  0.27076757E+01  0.50088000E+01
  0.27993899E+01  0.48857000E+01
  0.28911040E+01  0.49185000E+01
  0.29828182E+01  0.49757000E+01
  0.30745324E+01  0.49198000E+01
  0.31639439E+01  0.48672000E+01
  
  0.00000000E+00  0.64550000E+01
  0.89411573E-01  0.62211000E+01
  0.17882315E+00  0.61643000E+01
  0.26823472E+00  0.65254000E+01
  0.35764629E+00  0.68546000E+01
  0.44705787E+00  0.65908000E+01
  0.53646944E+00  0.60095000E+01
  0.62588101E+00  0.57433000E+01
  0.71529259E+00  0.55720000E+01
  0.80470416E+00  0.54020000E+01
  0.89411573E+00  0.52401000E+01
  0.98352731E+00  0.50894000E+01
  0.10729389E+01  0.49537000E+01
  0.11623505E+01  0.48393000E+01
  0.12517620E+01  0.48134000E+01
  0.13411736E+01  0.48382000E+01
  0.14305852E+01  0.48971000E+01
  0.15199967E+01  0.48552000E+01
  0.16094083E+01  0.51840000E+01
  0.16988199E+01  0.52038000E+01
  0.17905341E+01  0.51674000E+01
  0.18822482E+01  0.52486000E+01
  0.19739624E+01  0.53449000E+01
  0.20656765E+01  0.53219000E+01
  0.21573907E+01  0.52336000E+01
  0.22491049E+01  0.51294000E+01
  0.23408190E+01  0.50763000E+01
  0.24325332E+01  0.51831000E+01
  0.25242474E+01  0.52529000E+01
  0.26159615E+01  0.51926000E+01
  0.27076757E+01  0.53593000E+01
  0.27993899E+01  0.53481000E+01
  0.28911040E+01  0.51849000E+01
  0.29828182E+01  0.52205000E+01
  0.30745324E+01  0.51124000E+01
  0.31639439E+01  0.50500000E+01
  
  0.00000000E+00  0.64550000E+01
  0.89411573E-01  0.64342000E+01
  0.17882315E+00  0.64985000E+01
  0.26823472E+00  0.67733000E+01
  0.35764629E+00  0.68966000E+01
  0.44705787E+00  0.66141000E+01
  0.53646944E+00  0.63857000E+01
  0.62588101E+00  0.61706000E+01
  0.71529259E+00  0.59695000E+01
  0.80470416E+00  0.57830000E+01
  0.89411573E+00  0.55962000E+01
  0.98352731E+00  0.52033000E+01
  0.10729389E+01  0.53139000E+01
  0.11623505E+01  0.51878000E+01
  0.12517620E+01  0.50766000E+01
  0.13411736E+01  0.49799000E+01
  0.14305852E+01  0.49036000E+01
  0.15199967E+01  0.50309000E+01
  0.16094083E+01  0.52573000E+01
  0.16988199E+01  0.54406000E+01
  0.17905341E+01  0.55438000E+01
  0.18822482E+01  0.55838000E+01
  0.19739624E+01  0.56894000E+01
  0.20656765E+01  0.58332000E+01
  0.21573907E+01  0.59943000E+01
  0.22491049E+01  0.61613000E+01
  0.23408190E+01  0.59737000E+01
  0.24325332E+01  0.57475000E+01
  0.25242474E+01  0.55703000E+01
  0.26159615E+01  0.55305000E+01
  0.27076757E+01  0.54967000E+01
  0.27993899E+01  0.55413000E+01
  0.28911040E+01  0.56343000E+01
  0.29828182E+01  0.53524000E+01
  0.30745324E+01  0.52408000E+01
  0.31639439E+01  0.50501000E+01
  
  0.00000000E+00  0.67551000E+01
  0.89411573E-01  0.67575000E+01
  0.17882315E+00  0.70872000E+01
  0.26823472E+00  0.70993000E+01
  0.35764629E+00  0.69093000E+01
  0.44705787E+00  0.69053000E+01
  0.53646944E+00  0.69600000E+01
  0.62588101E+00  0.70318000E+01
  0.71529259E+00  0.66560000E+01
  0.80470416E+00  0.60954000E+01
  0.89411573E+00  0.56115000E+01
  0.98352731E+00  0.54551000E+01
  0.10729389E+01  0.53264000E+01
  0.11623505E+01  0.56503000E+01
  0.12517620E+01  0.59969000E+01
  0.13411736E+01  0.58717000E+01
  0.14305852E+01  0.56608000E+01
  0.15199967E+01  0.54668000E+01
  0.16094083E+01  0.53082000E+01
  0.16988199E+01  0.55501000E+01
  0.17905341E+01  0.57194000E+01
  0.18822482E+01  0.57304000E+01
  0.19739624E+01  0.58199000E+01
  0.20656765E+01  0.60365000E+01
  0.21573907E+01  0.62996000E+01
  0.22491049E+01  0.62073000E+01
  0.23408190E+01  0.63300000E+01
  0.24325332E+01  0.64993000E+01
  0.25242474E+01  0.64295000E+01
  0.26159615E+01  0.61954000E+01
  0.27076757E+01  0.60802000E+01
  0.27993899E+01  0.59585000E+01
  0.28911040E+01  0.57553000E+01
  0.29828182E+01  0.55319000E+01
  0.30745324E+01  0.54678000E+01
  0.31639439E+01  0.57192000E+01
  
  0.00000000E+00  0.67551000E+01
  0.89411573E-01  0.70886000E+01
  0.17882315E+00  0.73204000E+01
  0.26823472E+00  0.71050000E+01
  0.35764629E+00  0.69477000E+01
  0.44705787E+00  0.72661000E+01
  0.53646944E+00  0.75386000E+01
  0.62588101E+00  0.72264000E+01
  0.71529259E+00  0.70428000E+01
  0.80470416E+00  0.69709000E+01
  0.89411573E+00  0.68402000E+01
  0.98352731E+00  0.66763000E+01
  0.10729389E+01  0.64924000E+01
  0.11623505E+01  0.62943000E+01
  0.12517620E+01  0.60858000E+01
  0.13411736E+01  0.63529000E+01
  0.14305852E+01  0.66970000E+01
  0.15199967E+01  0.67640000E+01
  0.16094083E+01  0.67117000E+01
  0.16988199E+01  0.66786000E+01
  0.17905341E+01  0.66671000E+01
  0.18822482E+01  0.66660000E+01
  0.19739624E+01  0.66526000E+01
  0.20656765E+01  0.65848000E+01
  0.21573907E+01  0.64241000E+01
  0.22491049E+01  0.65507000E+01
  0.23408190E+01  0.67656000E+01
  0.24325332E+01  0.66806000E+01
  0.25242474E+01  0.66704000E+01
  0.26159615E+01  0.65899000E+01
  0.27076757E+01  0.62744000E+01
  0.27993899E+01  0.60660000E+01
  0.28911040E+01  0.58202000E+01
  0.29828182E+01  0.59556000E+01
  0.30745324E+01  0.59856000E+01
  0.31639439E+01  0.57193000E+01
  
  0.00000000E+00  0.78561000E+01
  0.89411573E-01  0.75791000E+01
  0.17882315E+00  0.73621000E+01
  0.26823472E+00  0.74158000E+01
  0.35764629E+00  0.76206000E+01
  0.44705787E+00  0.77951000E+01
  0.53646944E+00  0.81274000E+01
  0.62588101E+00  0.80515000E+01
  0.71529259E+00  0.78685000E+01
  0.80470416E+00  0.76956000E+01
  0.89411573E+00  0.75340000E+01
  0.98352731E+00  0.73846000E+01
  0.10729389E+01  0.72479000E+01
  0.11623505E+01  0.71241000E+01
  0.12517620E+01  0.70136000E+01
  0.13411736E+01  0.69163000E+01
  0.14305852E+01  0.68328000E+01
  0.15199967E+01  0.69893000E+01
  0.16094083E+01  0.70129000E+01
  0.16988199E+01  0.69088000E+01
  0.17905341E+01  0.67047000E+01
  0.18822482E+01  0.67409000E+01
  0.19739624E+01  0.68472000E+01
  0.20656765E+01  0.69256000E+01
  0.21573907E+01  0.68981000E+01
  0.22491049E+01  0.68987000E+01
  0.23408190E+01  0.68523000E+01
  0.24325332E+01  0.69237000E+01
  0.25242474E+01  0.68684000E+01
  0.26159615E+01  0.68446000E+01
  0.27076757E+01  0.65249000E+01
  0.27993899E+01  0.62733000E+01
  0.28911040E+01  0.63590000E+01
  0.29828182E+01  0.63058000E+01
  0.30745324E+01  0.62086000E+01
  0.31639439E+01  0.64339000E+01
  
  0.00000000E+00  0.78561000E+01
  0.89411573E-01  0.76204000E+01
  0.17882315E+00  0.74304000E+01
  0.26823472E+00  0.77680000E+01
  0.35764629E+00  0.80594000E+01
  0.44705787E+00  0.82202000E+01
  0.53646944E+00  0.81391000E+01
  0.62588101E+00  0.82171000E+01
  0.71529259E+00  0.82571000E+01
  0.80470416E+00  0.81657000E+01
  0.89411573E+00  0.79919000E+01
  0.98352731E+00  0.78143000E+01
  0.10729389E+01  0.76468000E+01
  0.11623505E+01  0.74937000E+01
  0.12517620E+01  0.73575000E+01
  0.13411736E+01  0.72402000E+01
  0.14305852E+01  0.71431000E+01
  0.15199967E+01  0.70672000E+01
  0.16094083E+01  0.71605000E+01
  0.16988199E+01  0.69804000E+01
  0.17905341E+01  0.69695000E+01
  0.18822482E+01  0.69832000E+01
  0.19739624E+01  0.70157000E+01
  0.20656765E+01  0.70180000E+01
  0.21573907E+01  0.71964000E+01
  0.22491049E+01  0.73131000E+01
  0.23408190E+01  0.73784000E+01
  0.24325332E+01  0.72855000E+01
  0.25242474E+01  0.72079000E+01
  0.26159615E+01  0.68668000E+01
  0.27076757E+01  0.70233000E+01
  0.27993899E+01  0.69303000E+01
  0.28911040E+01  0.66109000E+01
  0.29828182E+01  0.65334000E+01
  0.30745324E+01  0.66224000E+01
  0.31639439E+01  0.64340000E+01
  
  0.00000000E+00  0.78703000E+01
  0.89411573E-01  0.80963000E+01
  0.17882315E+00  0.82789000E+01
  0.26823472E+00  0.82042000E+01
  0.35764629E+00  0.80655000E+01
  0.44705787E+00  0.83494000E+01
  0.53646944E+00  0.82424000E+01
  0.62588101E+00  0.82573000E+01
  0.71529259E+00  0.82921000E+01
  0.80470416E+00  0.83353000E+01
  0.89411573E+00  0.84064000E+01
  0.98352731E+00  0.85129000E+01
  0.10729389E+01  0.86569000E+01
  0.11623505E+01  0.88348000E+01
  0.12517620E+01  0.90043000E+01
  0.13411736E+01  0.87548000E+01
  0.14305852E+01  0.82831000E+01
  0.15199967E+01  0.77964000E+01
  0.16094083E+01  0.73236000E+01
  0.16988199E+01  0.71770000E+01
  0.17905341E+01  0.71506000E+01
  0.18822482E+01  0.71118000E+01
  0.19739624E+01  0.70248000E+01
  0.20656765E+01  0.70958000E+01
  0.21573907E+01  0.72448000E+01
  0.22491049E+01  0.75176000E+01
  0.23408190E+01  0.74549000E+01
  0.24325332E+01  0.73600000E+01
  0.25242474E+01  0.72456000E+01
  0.26159615E+01  0.73737000E+01
  0.27076757E+01  0.72482000E+01
  0.27993899E+01  0.72077000E+01
  0.28911040E+01  0.73067000E+01
  0.29828182E+01  0.70377000E+01
  0.30745324E+01  0.68859000E+01
  0.31639439E+01  0.70367000E+01
  
  0.00000000E+00  0.78704000E+01
  0.89411573E-01  0.81275000E+01
  0.17882315E+00  0.83150000E+01
  0.26823472E+00  0.84111000E+01
  0.35764629E+00  0.85288000E+01
  0.44705787E+00  0.84381000E+01
  0.53646944E+00  0.82702000E+01
  0.62588101E+00  0.83122000E+01
  0.71529259E+00  0.85380000E+01
  0.80470416E+00  0.86060000E+01
  0.89411573E+00  0.88578000E+01
  0.98352731E+00  0.91789000E+01
  0.10729389E+01  0.95243000E+01
  0.11623505E+01  0.97065000E+01
  0.12517620E+01  0.93380000E+01
  0.13411736E+01  0.93671000E+01
  0.14305852E+01  0.93181000E+01
  0.15199967E+01  0.89774000E+01
  0.16094083E+01  0.87990000E+01
  0.16988199E+01  0.88447000E+01
  0.17905341E+01  0.89797000E+01
  0.18822482E+01  0.90112000E+01
  0.19739624E+01  0.86699000E+01
  0.20656765E+01  0.83422000E+01
  0.21573907E+01  0.80069000E+01
  0.22491049E+01  0.76920000E+01
  0.23408190E+01  0.78248000E+01
  0.24325332E+01  0.76941000E+01
  0.25242474E+01  0.75030000E+01
  0.26159615E+01  0.75688000E+01
  0.27076757E+01  0.75715000E+01
  0.27993899E+01  0.75696000E+01
  0.28911040E+01  0.73986000E+01
  0.29828182E+01  0.74964000E+01
  0.30745324E+01  0.72564000E+01
  0.31639439E+01  0.70368000E+01
  
