  0.00000000E+00 -0.14870700E+02
  0.22850560E+00 -0.14877500E+02
  0.45701121E+00 -0.14897700E+02
  0.68551681E+00 -0.14930800E+02
  0.91402241E+00 -0.14975900E+02
  0.11425280E+01 -0.15031900E+02
  0.13710336E+01 -0.15097600E+02
  0.15995392E+01 -0.15171500E+02
  0.18280448E+01 -0.15252300E+02
  0.20565504E+01 -0.15338500E+02
  0.22850560E+01 -0.15428600E+02
  0.25135616E+01 -0.15521500E+02
  0.27420672E+01 -0.15615800E+02
  0.29705728E+01 -0.15710400E+02
  0.31990784E+01 -0.15804300E+02
  0.34275840E+01 -0.15896500E+02
  0.36560896E+01 -0.15986100E+02
  0.38845952E+01 -0.16072500E+02
  0.41131009E+01 -0.16154900E+02
  0.43416065E+01 -0.16232700E+02
  0.45701121E+01 -0.16305300E+02
  0.47986177E+01 -0.16372400E+02
  0.50271233E+01 -0.16433500E+02
  0.52556289E+01 -0.16488100E+02
  0.54841345E+01 -0.16536100E+02
  0.57126401E+01 -0.16577200E+02
  0.59411457E+01 -0.16611100E+02
  0.61696513E+01 -0.16637600E+02
  0.63981569E+01 -0.16656600E+02
  0.66266625E+01 -0.16668100E+02
  0.68528244E+01 -0.16671900E+02
  0.70789863E+01 -0.16668200E+02
  0.73051482E+01 -0.16656900E+02
  0.75313101E+01 -0.16638300E+02
  0.77574720E+01 -0.16612300E+02
  0.79836338E+01 -0.16579100E+02
  0.82097957E+01 -0.16538900E+02
  0.84359576E+01 -0.16491800E+02
  0.86621195E+01 -0.16438200E+02
  0.88882814E+01 -0.16378200E+02
  0.91144433E+01 -0.16312300E+02
  0.93406052E+01 -0.16240900E+02
  0.95667671E+01 -0.16164300E+02
  0.97929290E+01 -0.16083000E+02
  0.10019091E+02 -0.15997600E+02
  0.10245253E+02 -0.15908700E+02
  0.10471415E+02 -0.15816900E+02
  0.10697577E+02 -0.15723000E+02
  0.10923738E+02 -0.15627600E+02
  0.11149900E+02 -0.15531800E+02
  0.11376062E+02 -0.15436200E+02
  0.11602224E+02 -0.15342000E+02
  0.11828386E+02 -0.15250000E+02
  0.12054548E+02 -0.15161200E+02
  0.12280710E+02 -0.15076700E+02
  0.12506872E+02 -0.14997400E+02
  0.12733034E+02 -0.14924200E+02
  0.12959196E+02 -0.14857900E+02
  0.13185357E+02 -0.14799000E+02
  0.13411519E+02 -0.14748200E+02
  0.13637681E+02 -0.14705800E+02
  0.13863843E+02 -0.14671700E+02
  0.14090005E+02 -0.14646000E+02
  0.14316167E+02 -0.14628400E+02
  0.14542329E+02 -0.14618200E+02
  0.14770834E+02 -0.14615000E+02
  
  0.00000000E+00 -0.14581800E+02
  0.22850560E+00 -0.14585500E+02
  0.45701121E+00 -0.14596200E+02
  0.68551681E+00 -0.14613900E+02
  0.91402241E+00 -0.14638200E+02
  0.11425280E+01 -0.14668500E+02
  0.13710336E+01 -0.14704300E+02
  0.15995392E+01 -0.14744900E+02
  0.18280448E+01 -0.14789600E+02
  0.20565504E+01 -0.14837600E+02
  0.22850560E+01 -0.14888200E+02
  0.25135616E+01 -0.14940700E+02
  0.27420672E+01 -0.14994300E+02
  0.29705728E+01 -0.15048400E+02
  0.31990784E+01 -0.15102400E+02
  0.34275840E+01 -0.15155700E+02
  0.36560896E+01 -0.15207700E+02
  0.38845952E+01 -0.15258100E+02
  0.41131009E+01 -0.15306200E+02
  0.43416065E+01 -0.15351800E+02
  0.45701121E+01 -0.15394500E+02
  0.47986177E+01 -0.15434000E+02
  0.50271233E+01 -0.15470000E+02
  0.52556289E+01 -0.15502300E+02
  0.54841345E+01 -0.15530700E+02
  0.57126401E+01 -0.15555000E+02
  0.59411457E+01 -0.15575100E+02
  0.61696513E+01 -0.15590800E+02
  0.63981569E+01 -0.15602100E+02
  0.66266625E+01 -0.15608900E+02
  0.68528244E+01 -0.15611200E+02
  0.70789863E+01 -0.15608900E+02
  0.73051482E+01 -0.15602300E+02
  0.75313101E+01 -0.15591200E+02
  0.77574720E+01 -0.15575800E+02
  0.79836338E+01 -0.15556200E+02
  0.82097957E+01 -0.15532300E+02
  0.84359576E+01 -0.15504500E+02
  0.86621195E+01 -0.15472800E+02
  0.88882814E+01 -0.15437400E+02
  0.91144433E+01 -0.15398500E+02
  0.93406052E+01 -0.15356500E+02
  0.95667671E+01 -0.15311400E+02
  0.97929290E+01 -0.15263700E+02
  0.10019091E+02 -0.15213600E+02
  0.10245253E+02 -0.15161600E+02
  0.10471415E+02 -0.15107900E+02
  0.10697577E+02 -0.15053100E+02
  0.10923738E+02 -0.14997500E+02
  0.11149900E+02 -0.14941700E+02
  0.11376062E+02 -0.14886200E+02
  0.11602224E+02 -0.14831300E+02
  0.11828386E+02 -0.14777800E+02
  0.12054548E+02 -0.14726100E+02
  0.12280710E+02 -0.14676800E+02
  0.12506872E+02 -0.14630300E+02
  0.12733034E+02 -0.14587200E+02
  0.12959196E+02 -0.14547900E+02
  0.13185357E+02 -0.14512800E+02
  0.13411519E+02 -0.14482200E+02
  0.13637681E+02 -0.14456400E+02
  0.13863843E+02 -0.14435400E+02
  0.14090005E+02 -0.14419400E+02
  0.14316167E+02 -0.14408200E+02
  0.14542329E+02 -0.14401700E+02
  0.14770834E+02 -0.14399600E+02
  
  0.00000000E+00 -0.80419000E+01
  0.22850560E+00 -0.80326000E+01
  0.45701121E+00 -0.80049000E+01
  0.68551681E+00 -0.79596000E+01
  0.91402241E+00 -0.78980000E+01
  0.11425280E+01 -0.78215000E+01
  0.13710336E+01 -0.77324000E+01
  0.15995392E+01 -0.76332000E+01
  0.18280448E+01 -0.75267000E+01
  0.20565504E+01 -0.74169000E+01
  0.22850560E+01 -0.73085000E+01
  0.25135616E+01 -0.72082000E+01
  0.27420672E+01 -0.71243000E+01
  0.29705728E+01 -0.70664000E+01
  0.31990784E+01 -0.70413000E+01
  0.34275840E+01 -0.70495000E+01
  0.36560896E+01 -0.70848000E+01
  0.38845952E+01 -0.71390000E+01
  0.41131009E+01 -0.72047000E+01
  0.43416065E+01 -0.72762000E+01
  0.45701121E+01 -0.73495000E+01
  0.47986177E+01 -0.74215000E+01
  0.50271233E+01 -0.74900000E+01
  0.52556289E+01 -0.75534000E+01
  0.54841345E+01 -0.76105000E+01
  0.57126401E+01 -0.76601000E+01
  0.59411457E+01 -0.77016000E+01
  0.61696513E+01 -0.77344000E+01
  0.63981569E+01 -0.77582000E+01
  0.66266625E+01 -0.77725000E+01
  0.68528244E+01 -0.77773000E+01
  0.70789863E+01 -0.77726000E+01
  0.73051482E+01 -0.77585000E+01
  0.75313101E+01 -0.77353000E+01
  0.77574720E+01 -0.77031000E+01
  0.79836338E+01 -0.76624000E+01
  0.82097957E+01 -0.76136000E+01
  0.84359576E+01 -0.75574000E+01
  0.86621195E+01 -0.74946000E+01
  0.88882814E+01 -0.74263000E+01
  0.91144433E+01 -0.73537000E+01
  0.93406052E+01 -0.72785000E+01
  0.95667671E+01 -0.72028000E+01
  0.97929290E+01 -0.71297000E+01
  0.10019091E+02 -0.70630000E+01
  0.10245253E+02 -0.70082000E+01
  0.10471415E+02 -0.69715000E+01
  0.10697577E+02 -0.69588000E+01
  0.10923738E+02 -0.69721000E+01
  0.11149900E+02 -0.70076000E+01
  0.11376062E+02 -0.70574000E+01
  0.11602224E+02 -0.71132000E+01
  0.11828386E+02 -0.71683000E+01
  0.12054548E+02 -0.72176000E+01
  0.12280710E+02 -0.72575000E+01
  0.12506872E+02 -0.72854000E+01
  0.12733034E+02 -0.72991000E+01
  0.12959196E+02 -0.72974000E+01
  0.13185357E+02 -0.72794000E+01
  0.13411519E+02 -0.72445000E+01
  0.13637681E+02 -0.72811000E+01
  0.13863843E+02 -0.73337000E+01
  0.14090005E+02 -0.73735000E+01
  0.14316167E+02 -0.74010000E+01
  0.14542329E+02 -0.74168000E+01
  0.14770834E+02 -0.74218000E+01
  
  0.00000000E+00 -0.70964000E+01
  0.22850560E+00 -0.70879000E+01
  0.45701121E+00 -0.70626000E+01
  0.68551681E+00 -0.70209000E+01
  0.91402241E+00 -0.69634000E+01
  0.11425280E+01 -0.68910000E+01
  0.13710336E+01 -0.68047000E+01
  0.15995392E+01 -0.67057000E+01
  0.18280448E+01 -0.65955000E+01
  0.20565504E+01 -0.64756000E+01
  0.22850560E+01 -0.63476000E+01
  0.25135616E+01 -0.62133000E+01
  0.27420672E+01 -0.61499000E+01
  0.29705728E+01 -0.61248000E+01
  0.31990784E+01 -0.60726000E+01
  0.34275840E+01 -0.59918000E+01
  0.36560896E+01 -0.58875000E+01
  0.38845952E+01 -0.57669000E+01
  0.41131009E+01 -0.56367000E+01
  0.43416065E+01 -0.55019000E+01
  0.45701121E+01 -0.53664000E+01
  0.47986177E+01 -0.52336000E+01
  0.50271233E+01 -0.51060000E+01
  0.52556289E+01 -0.49862000E+01
  0.54841345E+01 -0.48766000E+01
  0.57126401E+01 -0.47792000E+01
  0.59411457E+01 -0.46962000E+01
  0.61696513E+01 -0.46294000E+01
  0.63981569E+01 -0.45805000E+01
  0.66266625E+01 -0.45506000E+01
  0.68528244E+01 -0.45405000E+01
  0.70789863E+01 -0.45504000E+01
  0.73051482E+01 -0.45796000E+01
  0.75313101E+01 -0.46275000E+01
  0.77574720E+01 -0.46928000E+01
  0.79836338E+01 -0.47738000E+01
  0.82097957E+01 -0.48686000E+01
  0.84359576E+01 -0.49750000E+01
  0.86621195E+01 -0.50907000E+01
  0.88882814E+01 -0.52132000E+01
  0.91144433E+01 -0.53398000E+01
  0.93406052E+01 -0.54678000E+01
  0.95667671E+01 -0.55939000E+01
  0.97929290E+01 -0.57145000E+01
  0.10019091E+02 -0.58250000E+01
  0.10245253E+02 -0.59197000E+01
  0.10471415E+02 -0.59919000E+01
  0.10697577E+02 -0.60358000E+01
  0.10923738E+02 -0.60495000E+01
  0.11149900E+02 -0.60368000E+01
  0.11376062E+02 -0.61065000E+01
  0.11602224E+02 -0.62634000E+01
  0.11828386E+02 -0.64158000E+01
  0.12054548E+02 -0.65614000E+01
  0.12280710E+02 -0.66984000E+01
  0.12506872E+02 -0.68254000E+01
  0.12733034E+02 -0.69413000E+01
  0.12959196E+02 -0.70453000E+01
  0.13185357E+02 -0.71369000E+01
  0.13411519E+02 -0.72155000E+01
  0.13637681E+02 -0.71932000E+01
  0.13863843E+02 -0.71267000E+01
  0.14090005E+02 -0.70480000E+01
  0.14316167E+02 -0.69640000E+01
  0.14542329E+02 -0.68900000E+01
  0.14770834E+02 -0.68574000E+01
  
  0.00000000E+00 -0.61598000E+01
  0.22850560E+00 -0.61585000E+01
  0.45701121E+00 -0.61549000E+01
  0.68551681E+00 -0.61496000E+01
  0.91402241E+00 -0.61435000E+01
  0.11425280E+01 -0.61377000E+01
  0.13710336E+01 -0.61338000E+01
  0.15995392E+01 -0.61328000E+01
  0.18280448E+01 -0.61356000E+01
  0.20565504E+01 -0.61420000E+01
  0.22850560E+01 -0.61501000E+01
  0.25135616E+01 -0.61552000E+01
  0.27420672E+01 -0.60742000E+01
  0.29705728E+01 -0.59321000E+01
  0.31990784E+01 -0.57886000E+01
  0.34275840E+01 -0.56450000E+01
  0.36560896E+01 -0.55026000E+01
  0.38845952E+01 -0.53624000E+01
  0.41131009E+01 -0.52250000E+01
  0.43416065E+01 -0.50909000E+01
  0.45701121E+01 -0.49603000E+01
  0.47986177E+01 -0.48333000E+01
  0.50271233E+01 -0.47100000E+01
  0.52556289E+01 -0.45905000E+01
  0.54841345E+01 -0.44751000E+01
  0.57126401E+01 -0.44381000E+01
  0.59411457E+01 -0.44747000E+01
  0.61696513E+01 -0.45033000E+01
  0.63981569E+01 -0.45240000E+01
  0.66266625E+01 -0.45364000E+01
  0.68528244E+01 -0.45405000E+01
  0.70789863E+01 -0.45365000E+01
  0.73051482E+01 -0.45243000E+01
  0.75313101E+01 -0.45042000E+01
  0.77574720E+01 -0.44763000E+01
  0.79836338E+01 -0.44411000E+01
  0.82097957E+01 -0.44603000E+01
  0.84359576E+01 -0.45669000E+01
  0.86621195E+01 -0.46738000E+01
  0.88882814E+01 -0.47798000E+01
  0.91144433E+01 -0.48843000E+01
  0.93406052E+01 -0.49868000E+01
  0.95667671E+01 -0.50877000E+01
  0.97929290E+01 -0.51879000E+01
  0.10019091E+02 -0.52898000E+01
  0.10245253E+02 -0.53972000E+01
  0.10471415E+02 -0.55153000E+01
  0.10697577E+02 -0.56477000E+01
  0.10923738E+02 -0.57936000E+01
  0.11149900E+02 -0.59484000E+01
  0.11376062E+02 -0.60060000E+01
  0.11602224E+02 -0.59654000E+01
  0.11828386E+02 -0.59219000E+01
  0.12054548E+02 -0.58802000E+01
  0.12280710E+02 -0.58439000E+01
  0.12506872E+02 -0.58150000E+01
  0.12733034E+02 -0.57952000E+01
  0.12959196E+02 -0.57864000E+01
  0.13185357E+02 -0.57920000E+01
  0.13411519E+02 -0.58202000E+01
  0.13637681E+02 -0.58833000E+01
  0.13863843E+02 -0.59820000E+01
  0.14090005E+02 -0.60983000E+01
  0.14316167E+02 -0.62126000E+01
  0.14542329E+02 -0.63044000E+01
  0.14770834E+02 -0.63424000E+01
  
  0.00000000E+00 -0.51180000E+01
  0.22850560E+00 -0.51146000E+01
  0.45701121E+00 -0.51046000E+01
  0.68551681E+00 -0.50879000E+01
  0.91402241E+00 -0.50646000E+01
  0.11425280E+01 -0.50348000E+01
  0.13710336E+01 -0.49986000E+01
  0.15995392E+01 -0.49563000E+01
  0.18280448E+01 -0.49079000E+01
  0.20565504E+01 -0.48537000E+01
  0.22850560E+01 -0.47940000E+01
  0.25135616E+01 -0.47290000E+01
  0.27420672E+01 -0.46592000E+01
  0.29705728E+01 -0.45849000E+01
  0.31990784E+01 -0.45067000E+01
  0.34275840E+01 -0.44251000E+01
  0.36560896E+01 -0.43406000E+01
  0.38845952E+01 -0.42541000E+01
  0.41131009E+01 -0.41663000E+01
  0.43416065E+01 -0.40782000E+01
  0.45701121E+01 -0.41499000E+01
  0.47986177E+01 -0.42202000E+01
  0.50271233E+01 -0.42847000E+01
  0.52556289E+01 -0.43428000E+01
  0.54841345E+01 -0.43941000E+01
  0.57126401E+01 -0.43647000E+01
  0.59411457E+01 -0.42606000E+01
  0.61696513E+01 -0.41658000E+01
  0.63981569E+01 -0.40855000E+01
  0.66266625E+01 -0.40289000E+01
  0.68528244E+01 -0.40079000E+01
  0.70789863E+01 -0.40285000E+01
  0.73051482E+01 -0.40841000E+01
  0.75313101E+01 -0.41628000E+01
  0.77574720E+01 -0.42553000E+01
  0.79836338E+01 -0.43557000E+01
  0.82097957E+01 -0.43989000E+01
  0.84359576E+01 -0.43505000E+01
  0.86621195E+01 -0.42967000E+01
  0.88882814E+01 -0.42388000E+01
  0.91144433E+01 -0.41785000E+01
  0.93406052E+01 -0.43120000E+01
  0.95667671E+01 -0.44672000E+01
  0.97929290E+01 -0.46262000E+01
  0.10019091E+02 -0.47837000E+01
  0.10245253E+02 -0.49330000E+01
  0.10471415E+02 -0.50663000E+01
  0.10697577E+02 -0.51774000E+01
  0.10923738E+02 -0.52648000E+01
  0.11149900E+02 -0.53313000E+01
  0.11376062E+02 -0.53807000E+01
  0.11602224E+02 -0.54159000E+01
  0.11828386E+02 -0.54391000E+01
  0.12054548E+02 -0.54516000E+01
  0.12280710E+02 -0.54546000E+01
  0.12506872E+02 -0.54491000E+01
  0.12733034E+02 -0.54360000E+01
  0.12959196E+02 -0.54163000E+01
  0.13185357E+02 -0.53916000E+01
  0.13411519E+02 -0.54929000E+01
  0.13637681E+02 -0.55801000E+01
  0.13863843E+02 -0.56310000E+01
  0.14090005E+02 -0.56593000E+01
  0.14316167E+02 -0.56766000E+01
  0.14542329E+02 -0.56873000E+01
  0.14770834E+02 -0.56914000E+01
  
  0.00000000E+00 -0.40643000E+01
  0.22850560E+00 -0.40621000E+01
  0.45701121E+00 -0.40554000E+01
  0.68551681E+00 -0.40442000E+01
  0.91402241E+00 -0.40283000E+01
  0.11425280E+01 -0.40074000E+01
  0.13710336E+01 -0.39814000E+01
  0.15995392E+01 -0.39500000E+01
  0.18280448E+01 -0.39129000E+01
  0.20565504E+01 -0.38699000E+01
  0.22850560E+01 -0.38208000E+01
  0.25135616E+01 -0.37658000E+01
  0.27420672E+01 -0.37051000E+01
  0.29705728E+01 -0.36392000E+01
  0.31990784E+01 -0.36472000E+01
  0.34275840E+01 -0.37363000E+01
  0.36560896E+01 -0.38246000E+01
  0.38845952E+01 -0.39110000E+01
  0.41131009E+01 -0.39946000E+01
  0.43416065E+01 -0.40745000E+01
  0.45701121E+01 -0.39908000E+01
  0.47986177E+01 -0.39052000E+01
  0.50271233E+01 -0.38227000E+01
  0.52556289E+01 -0.37447000E+01
  0.54841345E+01 -0.36728000E+01
  0.57126401E+01 -0.36083000E+01
  0.59411457E+01 -0.35529000E+01
  0.61696513E+01 -0.35080000E+01
  0.63981569E+01 -0.34749000E+01
  0.66266625E+01 -0.34546000E+01
  0.68528244E+01 -0.34478000E+01
  0.70789863E+01 -0.34545000E+01
  0.73051482E+01 -0.34748000E+01
  0.75313101E+01 -0.35090000E+01
  0.77574720E+01 -0.35576000E+01
  0.79836338E+01 -0.36211000E+01
  0.82097957E+01 -0.36999000E+01
  0.84359576E+01 -0.37942000E+01
  0.86621195E+01 -0.39037000E+01
  0.88882814E+01 -0.40276000E+01
  0.91144433E+01 -0.41644000E+01
  0.93406052E+01 -0.41179000E+01
  0.95667671E+01 -0.40603000E+01
  0.97929290E+01 -0.40099000E+01
  0.10019091E+02 -0.39725000E+01
  0.10245253E+02 -0.39549000E+01
  0.10471415E+02 -0.39633000E+01
  0.10697577E+02 -0.40014000E+01
  0.10923738E+02 -0.40678000E+01
  0.11149900E+02 -0.41579000E+01
  0.11376062E+02 -0.42662000E+01
  0.11602224E+02 -0.43877000E+01
  0.11828386E+02 -0.45187000E+01
  0.12054548E+02 -0.46567000E+01
  0.12280710E+02 -0.47994000E+01
  0.12506872E+02 -0.49451000E+01
  0.12733034E+02 -0.50917000E+01
  0.12959196E+02 -0.52361000E+01
  0.13185357E+02 -0.53732000E+01
  0.13411519E+02 -0.53632000E+01
  0.13637681E+02 -0.53331000E+01
  0.13863843E+02 -0.53036000E+01
  0.14090005E+02 -0.52772000E+01
  0.14316167E+02 -0.52565000E+01
  0.14542329E+02 -0.52435000E+01
  0.14770834E+02 -0.52392000E+01
  
  0.00000000E+00 -0.29563000E+01
  0.22850560E+00 -0.29642000E+01
  0.45701121E+00 -0.29872000E+01
  0.68551681E+00 -0.30229000E+01
  0.91402241E+00 -0.30680000E+01
  0.11425280E+01 -0.31179000E+01
  0.13710336E+01 -0.31677000E+01
  0.15995392E+01 -0.32123000E+01
  0.18280448E+01 -0.32470000E+01
  0.20565504E+01 -0.32676000E+01
  0.22850560E+01 -0.33037000E+01
  0.25135616E+01 -0.33853000E+01
  0.27420672E+01 -0.34705000E+01
  0.29705728E+01 -0.35582000E+01
  0.31990784E+01 -0.35693000E+01
  0.34275840E+01 -0.34968000E+01
  0.36560896E+01 -0.34241000E+01
  0.38845952E+01 -0.33540000E+01
  0.41131009E+01 -0.32898000E+01
  0.43416065E+01 -0.32351000E+01
  0.45701121E+01 -0.31934000E+01
  0.47986177E+01 -0.31674000E+01
  0.50271233E+01 -0.31587000E+01
  0.52556289E+01 -0.31676000E+01
  0.54841345E+01 -0.31930000E+01
  0.57126401E+01 -0.32324000E+01
  0.59411457E+01 -0.32822000E+01
  0.61696513E+01 -0.33373000E+01
  0.63981569E+01 -0.33908000E+01
  0.66266625E+01 -0.34319000E+01
  0.68528244E+01 -0.34478000E+01
  0.70789863E+01 -0.34321000E+01
  0.73051482E+01 -0.33913000E+01
  0.75313101E+01 -0.33371000E+01
  0.77574720E+01 -0.32785000E+01
  0.79836338E+01 -0.32212000E+01
  0.82097957E+01 -0.31685000E+01
  0.84359576E+01 -0.31223000E+01
  0.86621195E+01 -0.30840000E+01
  0.88882814E+01 -0.30543000E+01
  0.91144433E+01 -0.30337000E+01
  0.93406052E+01 -0.30226000E+01
  0.95667671E+01 -0.30211000E+01
  0.97929290E+01 -0.30291000E+01
  0.10019091E+02 -0.30465000E+01
  0.10245253E+02 -0.30731000E+01
  0.10471415E+02 -0.31086000E+01
  0.10697577E+02 -0.31523000E+01
  0.10923738E+02 -0.32039000E+01
  0.11149900E+02 -0.32627000E+01
  0.11376062E+02 -0.33280000E+01
  0.11602224E+02 -0.33991000E+01
  0.11828386E+02 -0.34750000E+01
  0.12054548E+02 -0.35547000E+01
  0.12280710E+02 -0.36373000E+01
  0.12506872E+02 -0.37216000E+01
  0.12733034E+02 -0.38064000E+01
  0.12959196E+02 -0.38901000E+01
  0.13185357E+02 -0.39714000E+01
  0.13411519E+02 -0.40484000E+01
  0.13637681E+02 -0.41190000E+01
  0.13863843E+02 -0.41811000E+01
  0.14090005E+02 -0.42323000E+01
  0.14316167E+02 -0.42702000E+01
  0.14542329E+02 -0.42932000E+01
  0.14770834E+02 -0.43007000E+01
  
  0.00000000E+00 -0.28702000E+01
  0.22850560E+00 -0.28748000E+01
  0.45701121E+00 -0.28886000E+01
  0.68551681E+00 -0.29115000E+01
  0.91402241E+00 -0.29435000E+01
  0.11425280E+01 -0.29842000E+01
  0.13710336E+01 -0.30335000E+01
  0.15995392E+01 -0.30908000E+01
  0.18280448E+01 -0.31554000E+01
  0.20565504E+01 -0.32267000E+01
  0.22850560E+01 -0.32715000E+01
  0.25135616E+01 -0.32572000E+01
  0.27420672E+01 -0.32248000E+01
  0.29705728E+01 -0.31759000E+01
  0.31990784E+01 -0.31134000E+01
  0.34275840E+01 -0.30410000E+01
  0.36560896E+01 -0.29627000E+01
  0.38845952E+01 -0.28831000E+01
  0.41131009E+01 -0.28061000E+01
  0.43416065E+01 -0.27350000E+01
  0.45701121E+01 -0.26723000E+01
  0.47986177E+01 -0.26193000E+01
  0.50271233E+01 -0.25762000E+01
  0.52556289E+01 -0.25424000E+01
  0.54841345E+01 -0.25168000E+01
  0.57126401E+01 -0.24981000E+01
  0.59411457E+01 -0.24849000E+01
  0.61696513E+01 -0.24760000E+01
  0.63981569E+01 -0.24704000E+01
  0.66266625E+01 -0.24673000E+01
  0.68528244E+01 -0.24663000E+01
  0.70789863E+01 -0.24673000E+01
  0.73051482E+01 -0.24703000E+01
  0.75313101E+01 -0.24758000E+01
  0.77574720E+01 -0.24844000E+01
  0.79836338E+01 -0.24972000E+01
  0.82097957E+01 -0.25152000E+01
  0.84359576E+01 -0.25395000E+01
  0.86621195E+01 -0.25713000E+01
  0.88882814E+01 -0.26113000E+01
  0.91144433E+01 -0.26598000E+01
  0.93406052E+01 -0.27159000E+01
  0.95667671E+01 -0.27774000E+01
  0.97929290E+01 -0.28409000E+01
  0.10019091E+02 -0.29007000E+01
  0.10245253E+02 -0.29504000E+01
  0.10471415E+02 -0.29837000E+01
  0.10697577E+02 -0.29975000E+01
  0.10923738E+02 -0.29933000E+01
  0.11149900E+02 -0.29757000E+01
  0.11376062E+02 -0.29497000E+01
  0.11602224E+02 -0.29189000E+01
  0.11828386E+02 -0.28845000E+01
  0.12054548E+02 -0.28467000E+01
  0.12280710E+02 -0.28045000E+01
  0.12506872E+02 -0.27569000E+01
  0.12733034E+02 -0.27035000E+01
  0.12959196E+02 -0.26447000E+01
  0.13185357E+02 -0.25816000E+01
  0.13411519E+02 -0.25164000E+01
  0.13637681E+02 -0.24518000E+01
  0.13863843E+02 -0.23916000E+01
  0.14090005E+02 -0.23395000E+01
  0.14316167E+02 -0.22996000E+01
  0.14542329E+02 -0.22748000E+01
  0.14770834E+02 -0.22666000E+01
  
  0.00000000E+00 -0.32040000E+00
  0.22850560E+00 -0.31930000E+00
  0.45701121E+00 -0.31600000E+00
  0.68551681E+00 -0.31010000E+00
  0.91402241E+00 -0.30100000E+00
  0.11425280E+01 -0.28820000E+00
  0.13710336E+01 -0.27080000E+00
  0.15995392E+01 -0.24830000E+00
  0.18280448E+01 -0.22000000E+00
  0.20565504E+01 -0.18560000E+00
  0.22850560E+01 -0.20460000E+00
  0.25135616E+01 -0.24150000E+00
  0.27420672E+01 -0.27190000E+00
  0.29705728E+01 -0.29400000E+00
  0.31990784E+01 -0.30560000E+00
  0.34275840E+01 -0.30450000E+00
  0.36560896E+01 -0.28850000E+00
  0.38845952E+01 -0.25550000E+00
  0.41131009E+01 -0.20380000E+00
  0.43416065E+01 -0.13280000E+00
  0.45701121E+01 -0.42400000E-01
  0.47986177E+01  0.65900000E-01
  0.50271233E+01  0.18940000E+00
  0.52556289E+01  0.32440000E+00
  0.54841345E+01  0.44360000E+00
  0.57126401E+01  0.53280000E+00
  0.59411457E+01  0.62270000E+00
  0.61696513E+01  0.70500000E+00
  0.63981569E+01  0.77130000E+00
  0.66266625E+01  0.81440000E+00
  0.68528244E+01  0.82940000E+00
  0.70789863E+01  0.81470000E+00
  0.73051482E+01  0.77230000E+00
  0.75313101E+01  0.70670000E+00
  0.77574720E+01  0.62410000E+00
  0.79836338E+01  0.53190000E+00
  0.82097957E+01  0.43690000E+00
  0.84359576E+01  0.34330000E+00
  0.86621195E+01  0.21090000E+00
  0.88882814E+01  0.87400000E-01
  0.91144433E+01 -0.24700000E-01
  0.93406052E+01 -0.12460000E+00
  0.95667671E+01 -0.21280000E+00
  0.97929290E+01 -0.29030000E+00
  0.10019091E+02 -0.35880000E+00
  0.10245253E+02 -0.41890000E+00
  0.10471415E+02 -0.46980000E+00
  0.10697577E+02 -0.50900000E+00
  0.10923738E+02 -0.53330000E+00
  0.11149900E+02 -0.53930000E+00
  0.11376062E+02 -0.52500000E+00
  0.11602224E+02 -0.49010000E+00
  0.11828386E+02 -0.43740000E+00
  0.12054548E+02 -0.37400000E+00
  0.12280710E+02 -0.31420000E+00
  0.12506872E+02 -0.27960000E+00
  0.12733034E+02 -0.28300000E+00
  0.12959196E+02 -0.31780000E+00
  0.13185357E+02 -0.37230000E+00
  0.13411519E+02 -0.43770000E+00
  0.13637681E+02 -0.50740000E+00
  0.13863843E+02 -0.57520000E+00
  0.14090005E+02 -0.63530000E+00
  0.14316167E+02 -0.68240000E+00
  0.14542329E+02 -0.71220000E+00
  0.14770834E+02 -0.72230000E+00
  
  0.00000000E+00  0.14860000E+00
  0.22850560E+00  0.14240000E+00
  0.45701121E+00  0.12470000E+00
  0.68551681E+00  0.96800000E-01
  0.91402241E+00  0.61000000E-01
  0.11425280E+01  0.19600000E-01
  0.13710336E+01 -0.25300000E-01
  0.15995392E+01 -0.71800000E-01
  0.18280448E+01 -0.11820000E+00
  0.20565504E+01 -0.16300000E+00
  0.22850560E+01 -0.14490000E+00
  0.25135616E+01 -0.97700000E-01
  0.27420672E+01 -0.44300000E-01
  0.29705728E+01  0.15200000E-01
  0.31990784E+01  0.80200000E-01
  0.34275840E+01  0.15010000E+00
  0.36560896E+01  0.22430000E+00
  0.38845952E+01  0.30120000E+00
  0.41131009E+01  0.25570000E+00
  0.43416065E+01  0.23120000E+00
  0.45701121E+01  0.22970000E+00
  0.47986177E+01  0.25220000E+00
  0.50271233E+01  0.29760000E+00
  0.52556289E+01  0.36300000E+00
  0.54841345E+01  0.46620000E+00
  0.57126401E+01  0.60910000E+00
  0.59411457E+01  0.74620000E+00
  0.61696513E+01  0.86930000E+00
  0.63981569E+01  0.85490000E+00
  0.66266625E+01  0.83580000E+00
  0.68528244E+01  0.82940000E+00
  0.70789863E+01  0.83570000E+00
  0.73051482E+01  0.85450000E+00
  0.75313101E+01  0.87350000E+00
  0.77574720E+01  0.75340000E+00
  0.79836338E+01  0.62010000E+00
  0.82097957E+01  0.48130000E+00
  0.84359576E+01  0.34540000E+00
  0.86621195E+01  0.26260000E+00
  0.88882814E+01  0.19210000E+00
  0.91144433E+01  0.13640000E+00
  0.93406052E+01  0.96800000E-01
  0.95667671E+01  0.73500000E-01
  0.97929290E+01  0.66000000E-01
  0.10019091E+02  0.73200000E-01
  0.10245253E+02  0.93300000E-01
  0.10471415E+02  0.97000000E-01
  0.10697577E+02  0.72600000E-01
  0.10923738E+02  0.58300000E-01
  0.11149900E+02  0.51000000E-01
  0.11376062E+02  0.47300000E-01
  0.11602224E+02  0.45100000E-01
  0.11828386E+02  0.43600000E-01
  0.12054548E+02  0.45700000E-01
  0.12280710E+02  0.61100000E-01
  0.12506872E+02  0.10650000E+00
  0.12733034E+02  0.19080000E+00
  0.12959196E+02  0.30360000E+00
  0.13185357E+02  0.43030000E+00
  0.13411519E+02  0.53020000E+00
  0.13637681E+02  0.51340000E+00
  0.13863843E+02  0.49390000E+00
  0.14090005E+02  0.47440000E+00
  0.14316167E+02  0.45740000E+00
  0.14542329E+02  0.44560000E+00
  0.14770834E+02  0.44110000E+00
  
  0.00000000E+00  0.15903000E+01
  0.22850560E+00  0.15829000E+01
  0.45701121E+00  0.15610000E+01
  0.68551681E+00  0.15248000E+01
  0.91402241E+00  0.14748000E+01
  0.11425280E+01  0.14119000E+01
  0.13710336E+01  0.13371000E+01
  0.15995392E+01  0.12519000E+01
  0.18280448E+01  0.11579000E+01
  0.20565504E+01  0.10573000E+01
  0.22850560E+01  0.95200000E+00
  0.25135616E+01  0.84450000E+00
  0.27420672E+01  0.73720000E+00
  0.29705728E+01  0.63270000E+00
  0.31990784E+01  0.53380000E+00
  0.34275840E+01  0.44350000E+00
  0.36560896E+01  0.36490000E+00
  0.38845952E+01  0.30190000E+00
  0.41131009E+01  0.38190000E+00
  0.43416065E+01  0.46320000E+00
  0.45701121E+01  0.54470000E+00
  0.47986177E+01  0.62510000E+00
  0.50271233E+01  0.70290000E+00
  0.52556289E+01  0.77660000E+00
  0.54841345E+01  0.84480000E+00
  0.57126401E+01  0.90590000E+00
  0.59411457E+01  0.92750000E+00
  0.61696513E+01  0.88580000E+00
  0.63981569E+01  0.96890000E+00
  0.66266625E+01  0.10345000E+01
  0.68528244E+01  0.10576000E+01
  0.70789863E+01  0.10350000E+01
  0.73051482E+01  0.97070000E+00
  0.75313101E+01  0.88530000E+00
  0.77574720E+01  0.92740000E+00
  0.79836338E+01  0.90320000E+00
  0.82097957E+01  0.83800000E+00
  0.84359576E+01  0.76360000E+00
  0.86621195E+01  0.68170000E+00
  0.88882814E+01  0.59430000E+00
  0.91144433E+01  0.50410000E+00
  0.93406052E+01  0.41450000E+00
  0.95667671E+01  0.32910000E+00
  0.97929290E+01  0.25180000E+00
  0.10019091E+02  0.18620000E+00
  0.10245253E+02  0.13440000E+00
  0.10471415E+02  0.12470000E+00
  0.10697577E+02  0.16510000E+00
  0.10923738E+02  0.21230000E+00
  0.11149900E+02  0.26400000E+00
  0.11376062E+02  0.31760000E+00
  0.11602224E+02  0.37060000E+00
  0.11828386E+02  0.42010000E+00
  0.12054548E+02  0.46390000E+00
  0.12280710E+02  0.49950000E+00
  0.12506872E+02  0.52540000E+00
  0.12733034E+02  0.54090000E+00
  0.12959196E+02  0.54600000E+00
  0.13185357E+02  0.54190000E+00
  0.13411519E+02  0.55990000E+00
  0.13637681E+02  0.68400000E+00
  0.13863843E+02  0.79530000E+00
  0.14090005E+02  0.88770000E+00
  0.14316167E+02  0.95600000E+00
  0.14542329E+02  0.99730000E+00
  0.14770834E+02  0.10109000E+01
  
  0.00000000E+00  0.20394000E+01
  0.22850560E+00  0.20380000E+01
  0.45701121E+00  0.20337000E+01
  0.68551681E+00  0.20266000E+01
  0.91402241E+00  0.20164000E+01
  0.11425280E+01  0.20030000E+01
  0.13710336E+01  0.19862000E+01
  0.15995392E+01  0.19658000E+01
  0.18280448E+01  0.19415000E+01
  0.20565504E+01  0.19132000E+01
  0.22850560E+01  0.18806000E+01
  0.25135616E+01  0.18434000E+01
  0.27420672E+01  0.18016000E+01
  0.29705728E+01  0.17550000E+01
  0.31990784E+01  0.17037000E+01
  0.34275840E+01  0.16478000E+01
  0.36560896E+01  0.15874000E+01
  0.38845952E+01  0.15232000E+01
  0.41131009E+01  0.14556000E+01
  0.43416065E+01  0.13854000E+01
  0.45701121E+01  0.13137000E+01
  0.47986177E+01  0.12415000E+01
  0.50271233E+01  0.11704000E+01
  0.52556289E+01  0.11017000E+01
  0.54841345E+01  0.10371000E+01
  0.57126401E+01  0.97850000E+00
  0.59411457E+01  0.95830000E+00
  0.61696513E+01  0.10008000E+01
  0.63981569E+01  0.10320000E+01
  0.66266625E+01  0.10511000E+01
  0.68528244E+01  0.10576000E+01
  0.70789863E+01  0.10513000E+01
  0.73051482E+01  0.10324000E+01
  0.75313101E+01  0.10011000E+01
  0.77574720E+01  0.95780000E+00
  0.79836338E+01  0.97970000E+00
  0.82097957E+01  0.10410000E+01
  0.84359576E+01  0.11098000E+01
  0.86621195E+01  0.11846000E+01
  0.88882814E+01  0.12636000E+01
  0.91144433E+01  0.13450000E+01
  0.93406052E+01  0.14270000E+01
  0.95667671E+01  0.15080000E+01
  0.97929290E+01  0.15862000E+01
  0.10019091E+02  0.16603000E+01
  0.10245253E+02  0.17290000E+01
  0.10471415E+02  0.17914000E+01
  0.10697577E+02  0.18470000E+01
  0.10923738E+02  0.18957000E+01
  0.11149900E+02  0.19381000E+01
  0.11376062E+02  0.19752000E+01
  0.11602224E+02  0.20084000E+01
  0.11828386E+02  0.20396000E+01
  0.12054548E+02  0.20710000E+01
  0.12280710E+02  0.21044000E+01
  0.12506872E+02  0.21415000E+01
  0.12733034E+02  0.21830000E+01
  0.12959196E+02  0.22287000E+01
  0.13185357E+02  0.22776000E+01
  0.13411519E+02  0.23277000E+01
  0.13637681E+02  0.23767000E+01
  0.13863843E+02  0.24218000E+01
  0.14090005E+02  0.24606000E+01
  0.14316167E+02  0.24905000E+01
  0.14542329E+02  0.25096000E+01
  0.14770834E+02  0.25162000E+01
  
  0.00000000E+00  0.32250000E+01
  0.22850560E+00  0.32484000E+01
  0.45701121E+00  0.33174000E+01
  0.68551681E+00  0.34283000E+01
  0.91402241E+00  0.35755000E+01
  0.11425280E+01  0.37517000E+01
  0.13710336E+01  0.39474000E+01
  0.15995392E+01  0.41462000E+01
  0.18280448E+01  0.43103000E+01
  0.20565504E+01  0.43656000E+01
  0.22850560E+01  0.43040000E+01
  0.25135616E+01  0.41913000E+01
  0.27420672E+01  0.40608000E+01
  0.29705728E+01  0.39243000E+01
  0.31990784E+01  0.37873000E+01
  0.34275840E+01  0.36527000E+01
  0.36560896E+01  0.35225000E+01
  0.38845952E+01  0.33980000E+01
  0.41131009E+01  0.32801000E+01
  0.43416065E+01  0.31695000E+01
  0.45701121E+01  0.30667000E+01
  0.47986177E+01  0.29717000E+01
  0.50271233E+01  0.28847000E+01
  0.52556289E+01  0.28055000E+01
  0.54841345E+01  0.27338000E+01
  0.57126401E+01  0.26695000E+01
  0.59411457E+01  0.26122000E+01
  0.61696513E+01  0.25627000E+01
  0.63981569E+01  0.25226000E+01
  0.66266625E+01  0.24957000E+01
  0.68528244E+01  0.24861000E+01
  0.70789863E+01  0.24955000E+01
  0.73051482E+01  0.25219000E+01
  0.75313101E+01  0.25613000E+01
  0.77574720E+01  0.26102000E+01
  0.79836338E+01  0.26668000E+01
  0.82097957E+01  0.27306000E+01
  0.84359576E+01  0.28017000E+01
  0.86621195E+01  0.28805000E+01
  0.88882814E+01  0.29674000E+01
  0.91144433E+01  0.30625000E+01
  0.93406052E+01  0.31661000E+01
  0.95667671E+01  0.32780000E+01
  0.97929290E+01  0.33983000E+01
  0.10019091E+02  0.35268000E+01
  0.10245253E+02  0.36633000E+01
  0.10471415E+02  0.38072000E+01
  0.10697577E+02  0.39580000E+01
  0.10923738E+02  0.41148000E+01
  0.11149900E+02  0.42761000E+01
  0.11376062E+02  0.44393000E+01
  0.11602224E+02  0.45993000E+01
  0.11828386E+02  0.47452000E+01
  0.12054548E+02  0.48517000E+01
  0.12280710E+02  0.48801000E+01
  0.12506872E+02  0.48258000E+01
  0.12733034E+02  0.47292000E+01
  0.12959196E+02  0.46221000E+01
  0.13185357E+02  0.45204000E+01
  0.13411519E+02  0.44326000E+01
  0.13637681E+02  0.43652000E+01
  0.13863843E+02  0.43234000E+01
  0.14090005E+02  0.43117000E+01
  0.14316167E+02  0.43321000E+01
  0.14542329E+02  0.43793000E+01
  0.14770834E+02  0.44155000E+01
  
  0.00000000E+00  0.52292000E+01
  0.22850560E+00  0.52277000E+01
  0.45701121E+00  0.52236000E+01
  0.68551681E+00  0.52170000E+01
  0.91402241E+00  0.52068000E+01
  0.11425280E+01  0.51307000E+01
  0.13710336E+01  0.50289000E+01
  0.15995392E+01  0.49338000E+01
  0.18280448E+01  0.48773000E+01
  0.20565504E+01  0.48100000E+01
  0.22850560E+01  0.46497000E+01
  0.25135616E+01  0.44838000E+01
  0.27420672E+01  0.43181000E+01
  0.29705728E+01  0.41560000E+01
  0.31990784E+01  0.39994000E+01
  0.34275840E+01  0.38497000E+01
  0.36560896E+01  0.37077000E+01
  0.38845952E+01  0.35740000E+01
  0.41131009E+01  0.34491000E+01
  0.43416065E+01  0.33332000E+01
  0.45701121E+01  0.32267000E+01
  0.47986177E+01  0.31296000E+01
  0.50271233E+01  0.30422000E+01
  0.52556289E+01  0.29646000E+01
  0.54841345E+01  0.28968000E+01
  0.57126401E+01  0.28389000E+01
  0.59411457E+01  0.27912000E+01
  0.61696513E+01  0.27537000E+01
  0.63981569E+01  0.27266000E+01
  0.66266625E+01  0.27103000E+01
  0.68528244E+01  0.27048000E+01
  0.70789863E+01  0.27102000E+01
  0.73051482E+01  0.27262000E+01
  0.75313101E+01  0.27527000E+01
  0.77574720E+01  0.27895000E+01
  0.79836338E+01  0.28363000E+01
  0.82097957E+01  0.28931000E+01
  0.84359576E+01  0.29598000E+01
  0.86621195E+01  0.30362000E+01
  0.88882814E+01  0.31224000E+01
  0.91144433E+01  0.32182000E+01
  0.93406052E+01  0.33235000E+01
  0.95667671E+01  0.34382000E+01
  0.97929290E+01  0.35621000E+01
  0.10019091E+02  0.36948000E+01
  0.10245253E+02  0.38361000E+01
  0.10471415E+02  0.39857000E+01
  0.10697577E+02  0.41430000E+01
  0.10923738E+02  0.43076000E+01
  0.11149900E+02  0.44787000E+01
  0.11376062E+02  0.46556000E+01
  0.11602224E+02  0.48371000E+01
  0.11828386E+02  0.50220000E+01
  0.12054548E+02  0.52085000E+01
  0.12280710E+02  0.53943000E+01
  0.12506872E+02  0.55772000E+01
  0.12733034E+02  0.56730000E+01
  0.12959196E+02  0.56671000E+01
  0.13185357E+02  0.55685000E+01
  0.13411519E+02  0.54265000E+01
  0.13637681E+02  0.52729000E+01
  0.13863843E+02  0.51204000E+01
  0.14090005E+02  0.49745000E+01
  0.14316167E+02  0.48392000E+01
  0.14542329E+02  0.47230000E+01
  0.14770834E+02  0.46641000E+01
  
  0.00000000E+00  0.54302000E+01
  0.22850560E+00  0.54160000E+01
  0.45701121E+00  0.53748000E+01
  0.68551681E+00  0.53101000E+01
  0.91402241E+00  0.52269000E+01
  0.11425280E+01  0.51874000E+01
  0.13710336E+01  0.51470000E+01
  0.15995392E+01  0.50710000E+01
  0.18280448E+01  0.49551000E+01
  0.20565504E+01  0.49098000E+01
  0.22850560E+01  0.48318000E+01
  0.25135616E+01  0.46589000E+01
  0.27420672E+01  0.44887000E+01
  0.29705728E+01  0.43271000E+01
  0.31990784E+01  0.41746000E+01
  0.34275840E+01  0.40310000E+01
  0.36560896E+01  0.38960000E+01
  0.38845952E+01  0.37694000E+01
  0.41131009E+01  0.36509000E+01
  0.43416065E+01  0.35403000E+01
  0.45701121E+01  0.34376000E+01
  0.47986177E+01  0.33425000E+01
  0.50271233E+01  0.32549000E+01
  0.52556289E+01  0.31747000E+01
  0.54841345E+01  0.31017000E+01
  0.57126401E+01  0.30362000E+01
  0.59411457E+01  0.29789000E+01
  0.61696513E+01  0.29309000E+01
  0.63981569E+01  0.28943000E+01
  0.66266625E+01  0.28712000E+01
  0.68528244E+01  0.28633000E+01
  0.70789863E+01  0.28710000E+01
  0.73051482E+01  0.28937000E+01
  0.75313101E+01  0.29296000E+01
  0.77574720E+01  0.29768000E+01
  0.79836338E+01  0.30335000E+01
  0.82097957E+01  0.30984000E+01
  0.84359576E+01  0.31711000E+01
  0.86621195E+01  0.32513000E+01
  0.88882814E+01  0.33392000E+01
  0.91144433E+01  0.34350000E+01
  0.93406052E+01  0.35388000E+01
  0.95667671E+01  0.36509000E+01
  0.97929290E+01  0.37713000E+01
  0.10019091E+02  0.39002000E+01
  0.10245253E+02  0.40377000E+01
  0.10471415E+02  0.41839000E+01
  0.10697577E+02  0.43389000E+01
  0.10923738E+02  0.45026000E+01
  0.11149900E+02  0.46749000E+01
  0.11376062E+02  0.48556000E+01
  0.11602224E+02  0.50431000E+01
  0.11828386E+02  0.52331000E+01
  0.12054548E+02  0.54038000E+01
  0.12280710E+02  0.55047000E+01
  0.12506872E+02  0.55950000E+01
  0.12733034E+02  0.57545000E+01
  0.12959196E+02  0.59238000E+01
  0.13185357E+02  0.60831000E+01
  0.13411519E+02  0.62307000E+01
  0.13637681E+02  0.63651000E+01
  0.13863843E+02  0.64840000E+01
  0.14090005E+02  0.65841000E+01
  0.14316167E+02  0.66603000E+01
  0.14542329E+02  0.67078000E+01
  0.14770834E+02  0.67235000E+01
  
  0.00000000E+00  0.61340000E+01
  0.22850560E+00  0.61254000E+01
  0.45701121E+00  0.60968000E+01
  0.68551681E+00  0.60428000E+01
  0.91402241E+00  0.59616000E+01
  0.11425280E+01  0.58614000E+01
  0.13710336E+01  0.57026000E+01
  0.15995392E+01  0.54766000E+01
  0.18280448E+01  0.52642000E+01
  0.20565504E+01  0.50843000E+01
  0.22850560E+01  0.51360000E+01
  0.25135616E+01  0.52303000E+01
  0.27420672E+01  0.50772000E+01
  0.29705728E+01  0.49243000E+01
  0.31990784E+01  0.47748000E+01
  0.34275840E+01  0.46307000E+01
  0.36560896E+01  0.44934000E+01
  0.38845952E+01  0.43635000E+01
  0.41131009E+01  0.42416000E+01
  0.43416065E+01  0.41283000E+01
  0.45701121E+01  0.40239000E+01
  0.47986177E+01  0.39285000E+01
  0.50271233E+01  0.38425000E+01
  0.52556289E+01  0.37659000E+01
  0.54841345E+01  0.36990000E+01
  0.57126401E+01  0.36418000E+01
  0.59411457E+01  0.35947000E+01
  0.61696513E+01  0.35576000E+01
  0.63981569E+01  0.35309000E+01
  0.66266625E+01  0.35147000E+01
  0.68528244E+01  0.35093000E+01
  0.70789863E+01  0.35146000E+01
  0.73051482E+01  0.35305000E+01
  0.75313101E+01  0.35566000E+01
  0.77574720E+01  0.35930000E+01
  0.79836338E+01  0.36392000E+01
  0.82097957E+01  0.36953000E+01
  0.84359576E+01  0.37611000E+01
  0.86621195E+01  0.38364000E+01
  0.88882814E+01  0.39211000E+01
  0.91144433E+01  0.40152000E+01
  0.93406052E+01  0.41185000E+01
  0.95667671E+01  0.42307000E+01
  0.97929290E+01  0.43517000E+01
  0.10019091E+02  0.44812000E+01
  0.10245253E+02  0.46188000E+01
  0.10471415E+02  0.47642000E+01
  0.10697577E+02  0.49171000E+01
  0.10923738E+02  0.50770000E+01
  0.11149900E+02  0.52435000E+01
  0.11376062E+02  0.54164000E+01
  0.11602224E+02  0.55953000E+01
  0.11828386E+02  0.56940000E+01
  0.12054548E+02  0.56390000E+01
  0.12280710E+02  0.57424000E+01
  0.12506872E+02  0.59345000E+01
  0.12733034E+02  0.61291000E+01
  0.12959196E+02  0.62965000E+01
  0.13185357E+02  0.64750000E+01
  0.13411519E+02  0.66848000E+01
  0.13637681E+02  0.69148000E+01
  0.13863843E+02  0.71538000E+01
  0.14090005E+02  0.73901000E+01
  0.14316167E+02  0.76047000E+01
  0.14542329E+02  0.77625000E+01
  0.14770834E+02  0.78193000E+01
  
  0.00000000E+00  0.69274000E+01
  0.22850560E+00  0.68664000E+01
  0.45701121E+00  0.66790000E+01
  0.68551681E+00  0.64355000E+01
  0.91402241E+00  0.61848000E+01
  0.11425280E+01  0.59393000E+01
  0.13710336E+01  0.57609000E+01
  0.15995392E+01  0.56771000E+01
  0.18280448E+01  0.56022000E+01
  0.20565504E+01  0.55056000E+01
  0.22850560E+01  0.53771000E+01
  0.25135616E+01  0.53140000E+01
  0.27420672E+01  0.53761000E+01
  0.29705728E+01  0.52825000E+01
  0.31990784E+01  0.51602000E+01
  0.34275840E+01  0.50359000E+01
  0.36560896E+01  0.49145000E+01
  0.38845952E+01  0.47973000E+01
  0.41131009E+01  0.46851000E+01
  0.43416065E+01  0.45780000E+01
  0.45701121E+01  0.44760000E+01
  0.47986177E+01  0.43787000E+01
  0.50271233E+01  0.42858000E+01
  0.52556289E+01  0.41967000E+01
  0.54841345E+01  0.41111000E+01
  0.57126401E+01  0.40291000E+01
  0.59411457E+01  0.39525000E+01
  0.61696513E+01  0.38846000E+01
  0.63981569E+01  0.38305000E+01
  0.66266625E+01  0.37955000E+01
  0.68528244E+01  0.37833000E+01
  0.70789863E+01  0.37952000E+01
  0.73051482E+01  0.38296000E+01
  0.75313101E+01  0.38828000E+01
  0.77574720E+01  0.39498000E+01
  0.79836338E+01  0.40259000E+01
  0.82097957E+01  0.41080000E+01
  0.84359576E+01  0.41946000E+01
  0.86621195E+01  0.42855000E+01
  0.88882814E+01  0.43812000E+01
  0.91144433E+01  0.44825000E+01
  0.93406052E+01  0.45900000E+01
  0.95667671E+01  0.47043000E+01
  0.97929290E+01  0.48257000E+01
  0.10019091E+02  0.49545000E+01
  0.10245253E+02  0.50910000E+01
  0.10471415E+02  0.52352000E+01
  0.10697577E+02  0.53869000E+01
  0.10923738E+02  0.55456000E+01
  0.11149900E+02  0.57091000E+01
  0.11376062E+02  0.58601000E+01
  0.11602224E+02  0.58166000E+01
  0.11828386E+02  0.57801000E+01
  0.12054548E+02  0.59710000E+01
  0.12280710E+02  0.61684000E+01
  0.12506872E+02  0.63730000E+01
  0.12733034E+02  0.64919000E+01
  0.12959196E+02  0.65927000E+01
  0.13185357E+02  0.68059000E+01
  0.13411519E+02  0.70624000E+01
  0.13637681E+02  0.73391000E+01
  0.13863843E+02  0.76286000E+01
  0.14090005E+02  0.78901000E+01
  0.14316167E+02  0.79569000E+01
  0.14542329E+02  0.79722000E+01
  0.14770834E+02  0.79743000E+01
  
  0.00000000E+00  0.72115000E+01
  0.22850560E+00  0.71305000E+01
  0.45701121E+00  0.69827000E+01
  0.68551681E+00  0.68012000E+01
  0.91402241E+00  0.66217000E+01
  0.11425280E+01  0.64511000E+01
  0.13710336E+01  0.62919000E+01
  0.15995392E+01  0.61520000E+01
  0.18280448E+01  0.60522000E+01
  0.20565504E+01  0.59227000E+01
  0.22850560E+01  0.57789000E+01
  0.25135616E+01  0.56629000E+01
  0.27420672E+01  0.56766000E+01
  0.29705728E+01  0.58280000E+01
  0.31990784E+01  0.59645000E+01
  0.34275840E+01  0.60393000E+01
  0.36560896E+01  0.59261000E+01
  0.38845952E+01  0.58102000E+01
  0.41131009E+01  0.56979000E+01
  0.43416065E+01  0.55915000E+01
  0.45701121E+01  0.54922000E+01
  0.47986177E+01  0.54009000E+01
  0.50271233E+01  0.53180000E+01
  0.52556289E+01  0.52303000E+01
  0.54841345E+01  0.50680000E+01
  0.57126401E+01  0.49201000E+01
  0.59411457E+01  0.47941000E+01
  0.61696513E+01  0.46949000E+01
  0.63981569E+01  0.46244000E+01
  0.66266625E+01  0.45825000E+01
  0.68528244E+01  0.45687000E+01
  0.70789863E+01  0.45823000E+01
  0.73051482E+01  0.46233000E+01
  0.75313101E+01  0.46924000E+01
  0.77574720E+01  0.47899000E+01
  0.79836338E+01  0.49145000E+01
  0.82097957E+01  0.50630000E+01
  0.84359576E+01  0.52298000E+01
  0.86621195E+01  0.53121000E+01
  0.88882814E+01  0.53939000E+01
  0.91144433E+01  0.54843000E+01
  0.93406052E+01  0.55830000E+01
  0.95667671E+01  0.56898000E+01
  0.97929290E+01  0.58041000E+01
  0.10019091E+02  0.59255000E+01
  0.10245253E+02  0.60533000E+01
  0.10471415E+02  0.61868000E+01
  0.10697577E+02  0.63248000E+01
  0.10923738E+02  0.63264000E+01
  0.11149900E+02  0.61694000E+01
  0.11376062E+02  0.60261000E+01
  0.11602224E+02  0.60901000E+01
  0.11828386E+02  0.62607000E+01
  0.12054548E+02  0.64255000E+01
  0.12280710E+02  0.65336000E+01
  0.12506872E+02  0.65218000E+01
  0.12733034E+02  0.65856000E+01
  0.12959196E+02  0.68071000E+01
  0.13185357E+02  0.70373000E+01
  0.13411519E+02  0.72742000E+01
  0.13637681E+02  0.75115000E+01
  0.13863843E+02  0.77312000E+01
  0.14090005E+02  0.79269000E+01
  0.14316167E+02  0.82278000E+01
  0.14542329E+02  0.85066000E+01
  0.14770834E+02  0.86360000E+01
  
  0.00000000E+00  0.73110000E+01
  0.22850560E+00  0.71408000E+01
  0.45701121E+00  0.69842000E+01
  0.68551681E+00  0.68570000E+01
  0.91402241E+00  0.67147000E+01
  0.11425280E+01  0.65592000E+01
  0.13710336E+01  0.63977000E+01
  0.15995392E+01  0.62355000E+01
  0.18280448E+01  0.60763000E+01
  0.20565504E+01  0.60182000E+01
  0.22850560E+01  0.60484000E+01
  0.25135616E+01  0.61157000E+01
  0.27420672E+01  0.61843000E+01
  0.29705728E+01  0.62019000E+01
  0.31990784E+01  0.61424000E+01
  0.34275840E+01  0.60407000E+01
  0.36560896E+01  0.60488000E+01
  0.38845952E+01  0.60089000E+01
  0.41131009E+01  0.59342000E+01
  0.43416065E+01  0.58318000E+01
  0.45701121E+01  0.57055000E+01
  0.47986177E+01  0.55586000E+01
  0.50271233E+01  0.53972000E+01
  0.52556289E+01  0.52438000E+01
  0.54841345E+01  0.51787000E+01
  0.57126401E+01  0.51228000E+01
  0.59411457E+01  0.50765000E+01
  0.61696513E+01  0.50399000E+01
  0.63981569E+01  0.50134000E+01
  0.66266625E+01  0.49972000E+01
  0.68528244E+01  0.49918000E+01
  0.70789863E+01  0.49971000E+01
  0.73051482E+01  0.50129000E+01
  0.75313101E+01  0.50389000E+01
  0.77574720E+01  0.50748000E+01
  0.79836338E+01  0.51203000E+01
  0.82097957E+01  0.51751000E+01
  0.84359576E+01  0.52391000E+01
  0.86621195E+01  0.54083000E+01
  0.88882814E+01  0.55913000E+01
  0.91144433E+01  0.57719000E+01
  0.93406052E+01  0.59447000E+01
  0.95667671E+01  0.61065000E+01
  0.97929290E+01  0.62562000E+01
  0.10019091E+02  0.63908000E+01
  0.10245253E+02  0.64968000E+01
  0.10471415E+02  0.65321000E+01
  0.10697577E+02  0.64613000E+01
  0.10923738E+02  0.64665000E+01
  0.11149900E+02  0.66103000E+01
  0.11376062E+02  0.67549000E+01
  0.11602224E+02  0.68991000E+01
  0.11828386E+02  0.70418000E+01
  0.12054548E+02  0.71767000E+01
  0.12280710E+02  0.70669000E+01
  0.12506872E+02  0.71200000E+01
  0.12733034E+02  0.72923000E+01
  0.12959196E+02  0.75092000E+01
  0.13185357E+02  0.77457000E+01
  0.13411519E+02  0.79924000E+01
  0.13637681E+02  0.81350000E+01
  0.13863843E+02  0.82246000E+01
  0.14090005E+02  0.83361000E+01
  0.14316167E+02  0.85028000E+01
  0.14542329E+02  0.86471000E+01
  0.14770834E+02  0.86868000E+01
  
  0.00000000E+00  0.74123000E+01
  0.22850560E+00  0.76129000E+01
  0.45701121E+00  0.75858000E+01
  0.68551681E+00  0.75254000E+01
  0.91402241E+00  0.74544000E+01
  0.11425280E+01  0.73495000E+01
  0.13710336E+01  0.72425000E+01
  0.15995392E+01  0.71369000E+01
  0.18280448E+01  0.70366000E+01
  0.20565504E+01  0.69454000E+01
  0.22850560E+01  0.68659000E+01
  0.25135616E+01  0.67961000E+01
  0.27420672E+01  0.67061000E+01
  0.29705728E+01  0.66930000E+01
  0.31990784E+01  0.67447000E+01
  0.34275840E+01  0.67967000E+01
  0.36560896E+01  0.68628000E+01
  0.38845952E+01  0.68825000E+01
  0.41131009E+01  0.68175000E+01
  0.43416065E+01  0.67009000E+01
  0.45701121E+01  0.65691000E+01
  0.47986177E+01  0.64414000E+01
  0.50271233E+01  0.63272000E+01
  0.52556289E+01  0.62294000E+01
  0.54841345E+01  0.61478000E+01
  0.57126401E+01  0.60811000E+01
  0.59411457E+01  0.60280000E+01
  0.61696513E+01  0.59874000E+01
  0.63981569E+01  0.59588000E+01
  0.66266625E+01  0.59418000E+01
  0.68528244E+01  0.59361000E+01
  0.70789863E+01  0.59416000E+01
  0.73051482E+01  0.59583000E+01
  0.75313101E+01  0.59864000E+01
  0.77574720E+01  0.60260000E+01
  0.79836338E+01  0.60779000E+01
  0.82097957E+01  0.61428000E+01
  0.84359576E+01  0.62220000E+01
  0.86621195E+01  0.63169000E+01
  0.88882814E+01  0.64294000E+01
  0.91144433E+01  0.65600000E+01
  0.93406052E+01  0.67065000E+01
  0.95667671E+01  0.68581000E+01
  0.97929290E+01  0.69830000E+01
  0.10019091E+02  0.70208000E+01
  0.10245253E+02  0.69815000E+01
  0.10471415E+02  0.69621000E+01
  0.10697577E+02  0.70258000E+01
  0.10923738E+02  0.71423000E+01
  0.11149900E+02  0.72741000E+01
  0.11376062E+02  0.73934000E+01
  0.11602224E+02  0.74410000E+01
  0.11828386E+02  0.73436000E+01
  0.12054548E+02  0.71831000E+01
  0.12280710E+02  0.73237000E+01
  0.12506872E+02  0.74654000E+01
  0.12733034E+02  0.76091000E+01
  0.12959196E+02  0.77539000E+01
  0.13185357E+02  0.78959000E+01
  0.13411519E+02  0.80263000E+01
  0.13637681E+02  0.82418000E+01
  0.13863843E+02  0.84803000E+01
  0.14090005E+02  0.86709000E+01
  0.14316167E+02  0.87457000E+01
  0.14542329E+02  0.87530000E+01
  0.14770834E+02  0.87907000E+01
  
  0.00000000E+00  0.76553000E+01
  0.22850560E+00  0.76351000E+01
  0.45701121E+00  0.76490000E+01
  0.68551681E+00  0.75563000E+01
  0.91402241E+00  0.74667000E+01
  0.11425280E+01  0.74111000E+01
  0.13710336E+01  0.73488000E+01
  0.15995392E+01  0.72680000E+01
  0.18280448E+01  0.71647000E+01
  0.20565504E+01  0.70443000E+01
  0.22850560E+01  0.69169000E+01
  0.25135616E+01  0.68010000E+01
  0.27420672E+01  0.67541000E+01
  0.29705728E+01  0.67319000E+01
  0.31990784E+01  0.67795000E+01
  0.34275840E+01  0.69271000E+01
  0.36560896E+01  0.71019000E+01
  0.38845952E+01  0.72838000E+01
  0.41131009E+01  0.73900000E+01
  0.43416065E+01  0.74927000E+01
  0.45701121E+01  0.75364000E+01
  0.47986177E+01  0.74777000E+01
  0.50271233E+01  0.74076000E+01
  0.52556289E+01  0.73344000E+01
  0.54841345E+01  0.72505000E+01
  0.57126401E+01  0.71232000E+01
  0.59411457E+01  0.69546000E+01
  0.61696513E+01  0.67957000E+01
  0.63981569E+01  0.66714000E+01
  0.66266625E+01  0.65930000E+01
  0.68528244E+01  0.65662000E+01
  0.70789863E+01  0.65924000E+01
  0.73051482E+01  0.66693000E+01
  0.75313101E+01  0.67914000E+01
  0.77574720E+01  0.69484000E+01
  0.79836338E+01  0.71176000E+01
  0.82097957E+01  0.72478000E+01
  0.84359576E+01  0.73328000E+01
  0.86621195E+01  0.74076000E+01
  0.88882814E+01  0.74836000E+01
  0.91144433E+01  0.75621000E+01
  0.93406052E+01  0.76012000E+01
  0.95667671E+01  0.75147000E+01
  0.97929290E+01  0.74671000E+01
  0.10019091E+02  0.75158000E+01
  0.10245253E+02  0.76588000E+01
  0.10471415E+02  0.77050000E+01
  0.10697577E+02  0.76676000E+01
  0.10923738E+02  0.76484000E+01
  0.11149900E+02  0.76516000E+01
  0.11376062E+02  0.76790000E+01
  0.11602224E+02  0.77315000E+01
  0.11828386E+02  0.78091000E+01
  0.12054548E+02  0.79107000E+01
  0.12280710E+02  0.80341000E+01
  0.12506872E+02  0.81753000E+01
  0.12733034E+02  0.83286000E+01
  0.12959196E+02  0.84852000E+01
  0.13185357E+02  0.86317000E+01
  0.13411519E+02  0.87499000E+01
  0.13637681E+02  0.88294000E+01
  0.13863843E+02  0.88815000E+01
  0.14090005E+02  0.89191000E+01
  0.14316167E+02  0.89526000E+01
  0.14542329E+02  0.89418000E+01
  0.14770834E+02  0.89062000E+01
  
  0.00000000E+00  0.78575000E+01
  0.22850560E+00  0.78334000E+01
  0.45701121E+00  0.79853000E+01
  0.68551681E+00  0.82513000E+01
  0.91402241E+00  0.83969000E+01
  0.11425280E+01  0.83500000E+01
  0.13710336E+01  0.83044000E+01
  0.15995392E+01  0.82878000E+01
  0.18280448E+01  0.81971000E+01
  0.20565504E+01  0.80910000E+01
  0.22850560E+01  0.79765000E+01
  0.25135616E+01  0.78594000E+01
  0.27420672E+01  0.77439000E+01
  0.29705728E+01  0.76324000E+01
  0.31990784E+01  0.75265000E+01
  0.34275840E+01  0.74289000E+01
  0.36560896E+01  0.73522000E+01
  0.38845952E+01  0.73317000E+01
  0.41131009E+01  0.74484000E+01
  0.43416065E+01  0.75449000E+01
  0.45701121E+01  0.76102000E+01
  0.47986177E+01  0.77307000E+01
  0.50271233E+01  0.78215000E+01
  0.52556289E+01  0.76526000E+01
  0.54841345E+01  0.74641000E+01
  0.57126401E+01  0.73231000E+01
  0.59411457E+01  0.72490000E+01
  0.61696513E+01  0.72051000E+01
  0.63981569E+01  0.71768000E+01
  0.66266625E+01  0.71605000E+01
  0.68528244E+01  0.71552000E+01
  0.70789863E+01  0.71604000E+01
  0.73051482E+01  0.71764000E+01
  0.75313101E+01  0.72041000E+01
  0.77574720E+01  0.72469000E+01
  0.79836338E+01  0.73192000E+01
  0.82097957E+01  0.74621000E+01
  0.84359576E+01  0.76706000E+01
  0.86621195E+01  0.78950000E+01
  0.88882814E+01  0.77989000E+01
  0.91144433E+01  0.76990000E+01
  0.93406052E+01  0.76413000E+01
  0.95667671E+01  0.77153000E+01
  0.97929290E+01  0.77702000E+01
  0.10019091E+02  0.77826000E+01
  0.10245253E+02  0.77508000E+01
  0.10471415E+02  0.78356000E+01
  0.10697577E+02  0.80095000E+01
  0.10923738E+02  0.81506000E+01
  0.11149900E+02  0.82041000E+01
  0.11376062E+02  0.81144000E+01
  0.11602224E+02  0.80048000E+01
  0.11828386E+02  0.80346000E+01
  0.12054548E+02  0.81713000E+01
  0.12280710E+02  0.83488000E+01
  0.12506872E+02  0.85439000E+01
  0.12733034E+02  0.87465000E+01
  0.12959196E+02  0.89463000E+01
  0.13185357E+02  0.91244000E+01
  0.13411519E+02  0.92498000E+01
  0.13637681E+02  0.93035000E+01
  0.13863843E+02  0.92376000E+01
  0.14090005E+02  0.91201000E+01
  0.14316167E+02  0.90343000E+01
  0.14542329E+02  0.90317000E+01
  0.14770834E+02  0.90226000E+01
  
  0.00000000E+00  0.80160000E+01
  0.22850560E+00  0.80961000E+01
  0.45701121E+00  0.82665000E+01
  0.68551681E+00  0.83996000E+01
  0.91402241E+00  0.84033000E+01
  0.11425280E+01  0.83982000E+01
  0.13710336E+01  0.83565000E+01
  0.15995392E+01  0.82904000E+01
  0.18280448E+01  0.83096000E+01
  0.20565504E+01  0.83489000E+01
  0.22850560E+01  0.83877000E+01
  0.25135616E+01  0.84046000E+01
  0.27420672E+01  0.83852000E+01
  0.29705728E+01  0.83299000E+01
  0.31990784E+01  0.82489000E+01
  0.34275840E+01  0.81542000E+01
  0.36560896E+01  0.80555000E+01
  0.38845952E+01  0.79620000E+01
  0.41131009E+01  0.78879000E+01
  0.43416065E+01  0.78682000E+01
  0.45701121E+01  0.79100000E+01
  0.47986177E+01  0.79147000E+01
  0.50271233E+01  0.78478000E+01
  0.52556289E+01  0.79534000E+01
  0.54841345E+01  0.80361000E+01
  0.57126401E+01  0.80869000E+01
  0.59411457E+01  0.81089000E+01
  0.61696513E+01  0.81136000E+01
  0.63981569E+01  0.81113000E+01
  0.66266625E+01  0.81080000E+01
  0.68528244E+01  0.81067000E+01
  0.70789863E+01  0.81080000E+01
  0.73051482E+01  0.81112000E+01
  0.75313101E+01  0.81137000E+01
  0.77574720E+01  0.81102000E+01
  0.79836338E+01  0.80924000E+01
  0.82097957E+01  0.80508000E+01
  0.84359576E+01  0.79830000E+01
  0.86621195E+01  0.78959000E+01
  0.88882814E+01  0.81020000E+01
  0.91144433E+01  0.82493000E+01
  0.93406052E+01  0.82876000E+01
  0.95667671E+01  0.82368000E+01
  0.97929290E+01  0.81718000E+01
  0.10019091E+02  0.81502000E+01
  0.10245253E+02  0.81860000E+01
  0.10471415E+02  0.82525000E+01
  0.10697577E+02  0.83276000E+01
  0.10923738E+02  0.84015000E+01
  0.11149900E+02  0.84714000E+01
  0.11376062E+02  0.85393000E+01
  0.11602224E+02  0.86097000E+01
  0.11828386E+02  0.86877000E+01
  0.12054548E+02  0.87769000E+01
  0.12280710E+02  0.88787000E+01
  0.12506872E+02  0.89920000E+01
  0.12733034E+02  0.91130000E+01
  0.12959196E+02  0.92351000E+01
  0.13185357E+02  0.93490000E+01
  0.13411519E+02  0.94412000E+01
  0.13637681E+02  0.93928000E+01
  0.13863843E+02  0.93304000E+01
  0.14090005E+02  0.92965000E+01
  0.14316167E+02  0.92469000E+01
  0.14542329E+02  0.91216000E+01
  0.14770834E+02  0.91479000E+01
  
  0.00000000E+00  0.82806000E+01
  0.22850560E+00  0.83360000E+01
  0.45701121E+00  0.84355000E+01
  0.68551681E+00  0.85168000E+01
  0.91402241E+00  0.86885000E+01
  0.11425280E+01  0.89806000E+01
  0.13710336E+01  0.92666000E+01
  0.15995392E+01  0.94360000E+01
  0.18280448E+01  0.95036000E+01
  0.20565504E+01  0.95360000E+01
  0.22850560E+01  0.95026000E+01
  0.25135616E+01  0.94790000E+01
  0.27420672E+01  0.94568000E+01
  0.29705728E+01  0.93675000E+01
  0.31990784E+01  0.92570000E+01
  0.34275840E+01  0.91366000E+01
  0.36560896E+01  0.90176000E+01
  0.38845952E+01  0.89089000E+01
  0.41131009E+01  0.88146000E+01
  0.43416065E+01  0.87353000E+01
  0.45701121E+01  0.86694000E+01
  0.47986177E+01  0.86166000E+01
  0.50271233E+01  0.85792000E+01
  0.52556289E+01  0.85633000E+01
  0.54841345E+01  0.85788000E+01
  0.57126401E+01  0.86322000E+01
  0.59411457E+01  0.87169000E+01
  0.61696513E+01  0.88149000E+01
  0.63981569E+01  0.89066000E+01
  0.66266625E+01  0.89728000E+01
  0.68528244E+01  0.89973000E+01
  0.70789863E+01  0.89734000E+01
  0.73051482E+01  0.89087000E+01
  0.75313101E+01  0.88200000E+01
  0.77574720E+01  0.87259000E+01
  0.79836338E+01  0.86447000E+01
  0.82097957E+01  0.85921000E+01
  0.84359576E+01  0.85742000E+01
  0.86621195E+01  0.85855000E+01
  0.88882814E+01  0.86161000E+01
  0.91144433E+01  0.86577000E+01
  0.93406052E+01  0.87037000E+01
  0.95667671E+01  0.87488000E+01
  0.97929290E+01  0.87891000E+01
  0.10019091E+02  0.88238000E+01
  0.10245253E+02  0.88573000E+01
  0.10471415E+02  0.88972000E+01
  0.10697577E+02  0.89506000E+01
  0.10923738E+02  0.89493000E+01
  0.11149900E+02  0.87753000E+01
  0.11376062E+02  0.87381000E+01
  0.11602224E+02  0.87976000E+01
  0.11828386E+02  0.88823000E+01
  0.12054548E+02  0.89716000E+01
  0.12280710E+02  0.90610000E+01
  0.12506872E+02  0.91489000E+01
  0.12733034E+02  0.92348000E+01
  0.12959196E+02  0.93188000E+01
  0.13185357E+02  0.94007000E+01
  0.13411519E+02  0.94522000E+01
  0.13637681E+02  0.95024000E+01
  0.13863843E+02  0.95468000E+01
  0.14090005E+02  0.95307000E+01
  0.14316167E+02  0.93692000E+01
  0.14542329E+02  0.92489000E+01
  0.14770834E+02  0.91745000E+01
  
  0.00000000E+00  0.87948000E+01
  0.22850560E+00  0.87866000E+01
  0.45701121E+00  0.87732000E+01
  0.68551681E+00  0.88217000E+01
  0.91402241E+00  0.90119000E+01
  0.11425280E+01  0.92740000E+01
  0.13710336E+01  0.95268000E+01
  0.15995392E+01  0.96526000E+01
  0.18280448E+01  0.96285000E+01
  0.20565504E+01  0.95611000E+01
  0.22850560E+01  0.95418000E+01
  0.25135616E+01  0.95162000E+01
  0.27420672E+01  0.95024000E+01
  0.29705728E+01  0.95683000E+01
  0.31990784E+01  0.96591000E+01
  0.34275840E+01  0.97514000E+01
  0.36560896E+01  0.98171000E+01
  0.38845952E+01  0.98223000E+01
  0.41131009E+01  0.97385000E+01
  0.43416065E+01  0.95847000E+01
  0.45701121E+01  0.94337000E+01
  0.47986177E+01  0.93656000E+01
  0.50271233E+01  0.94221000E+01
  0.52556289E+01  0.95801000E+01
  0.54841345E+01  0.95141000E+01
  0.57126401E+01  0.93618000E+01
  0.59411457E+01  0.92336000E+01
  0.61696513E+01  0.91315000E+01
  0.63981569E+01  0.90574000E+01
  0.66266625E+01  0.90124000E+01
  0.68528244E+01  0.89973000E+01
  0.70789863E+01  0.90120000E+01
  0.73051482E+01  0.90555000E+01
  0.75313101E+01  0.91256000E+01
  0.77574720E+01  0.92180000E+01
  0.79836338E+01  0.93258000E+01
  0.82097957E+01  0.94382000E+01
  0.84359576E+01  0.95395000E+01
  0.86621195E+01  0.93428000E+01
  0.88882814E+01  0.91561000E+01
  0.91144433E+01  0.90448000E+01
  0.93406052E+01  0.90548000E+01
  0.95667671E+01  0.91658000E+01
  0.97929290E+01  0.93092000E+01
  0.10019091E+02  0.94400000E+01
  0.10245253E+02  0.95319000E+01
  0.10471415E+02  0.94570000E+01
  0.10697577E+02  0.92449000E+01
  0.10923738E+02  0.90684000E+01
  0.11149900E+02  0.91630000E+01
  0.11376062E+02  0.93076000E+01
  0.11602224E+02  0.94812000E+01
  0.11828386E+02  0.96750000E+01
  0.12054548E+02  0.98817000E+01
  0.12280710E+02  0.10095200E+02
  0.12506872E+02  0.10101300E+02
  0.12733034E+02  0.99491000E+01
  0.12959196E+02  0.97947000E+01
  0.13185357E+02  0.96818000E+01
  0.13411519E+02  0.96451000E+01
  0.13637681E+02  0.97079000E+01
  0.13863843E+02  0.97080000E+01
  0.14090005E+02  0.95719000E+01
  0.14316167E+02  0.95063000E+01
  0.14542329E+02  0.93782000E+01
  0.14770834E+02  0.92688000E+01
  
  0.00000000E+00  0.89590000E+01
  0.22850560E+00  0.89487000E+01
  0.45701121E+00  0.89573000E+01
  0.68551681E+00  0.90430000E+01
  0.91402241E+00  0.91970000E+01
  0.11425280E+01  0.93680000E+01
  0.13710336E+01  0.95331000E+01
  0.15995392E+01  0.97619000E+01
  0.18280448E+01  0.99121000E+01
  0.20565504E+01  0.10073700E+02
  0.22850560E+01  0.10243100E+02
  0.25135616E+01  0.10415500E+02
  0.27420672E+01  0.10437400E+02
  0.29705728E+01  0.10387600E+02
  0.31990784E+01  0.10326500E+02
  0.34275840E+01  0.10267800E+02
  0.36560896E+01  0.10225400E+02
  0.38845952E+01  0.10208600E+02
  0.41131009E+01  0.10220200E+02
  0.43416065E+01  0.10256200E+02
  0.45701121E+01  0.10246900E+02
  0.47986177E+01  0.10083900E+02
  0.50271233E+01  0.98790000E+01
  0.52556289E+01  0.96876000E+01
  0.54841345E+01  0.97790000E+01
  0.57126401E+01  0.98810000E+01
  0.59411457E+01  0.98722000E+01
  0.61696513E+01  0.98498000E+01
  0.63981569E+01  0.98309000E+01
  0.66266625E+01  0.98190000E+01
  0.68528244E+01  0.98149000E+01
  0.70789863E+01  0.98189000E+01
  0.73051482E+01  0.98306000E+01
  0.75313101E+01  0.98492000E+01
  0.77574720E+01  0.98719000E+01
  0.79836338E+01  0.98852000E+01
  0.82097957E+01  0.97918000E+01
  0.84359576E+01  0.95670000E+01
  0.86621195E+01  0.96111000E+01
  0.88882814E+01  0.96408000E+01
  0.91144433E+01  0.96322000E+01
  0.93406052E+01  0.96011000E+01
  0.95667671E+01  0.95667000E+01
  0.97929290E+01  0.95436000E+01
  0.10019091E+02  0.95372000E+01
  0.10245253E+02  0.95339000E+01
  0.10471415E+02  0.95857000E+01
  0.10697577E+02  0.96143000E+01
  0.10923738E+02  0.96457000E+01
  0.11149900E+02  0.96961000E+01
  0.11376062E+02  0.97703000E+01
  0.11602224E+02  0.98656000E+01
  0.11828386E+02  0.99737000E+01
  0.12054548E+02  0.10080000E+02
  0.12280710E+02  0.10150600E+02
  0.12506872E+02  0.10295600E+02
  0.12733034E+02  0.10244900E+02
  0.12959196E+02  0.10101600E+02
  0.13185357E+02  0.99474000E+01
  0.13411519E+02  0.98461000E+01
  0.13637681E+02  0.98430000E+01
  0.13863843E+02  0.97400000E+01
  0.14090005E+02  0.95762000E+01
  0.14316167E+02  0.95183000E+01
  0.14542329E+02  0.95758000E+01
  0.14770834E+02  0.95200000E+01
  
  0.00000000E+00  0.92216000E+01
  0.22850560E+00  0.92334000E+01
  0.45701121E+00  0.92686000E+01
  0.68551681E+00  0.93267000E+01
  0.91402241E+00  0.94066000E+01
  0.11425280E+01  0.95069000E+01
  0.13710336E+01  0.96260000E+01
  0.15995392E+01  0.97735000E+01
  0.18280448E+01  0.10080600E+02
  0.20565504E+01  0.10335400E+02
  0.22850560E+01  0.10447800E+02
  0.25135616E+01  0.10464300E+02
  0.27420672E+01  0.10584200E+02
  0.29705728E+01  0.10739000E+02
  0.31990784E+01  0.10864300E+02
  0.34275840E+01  0.10937500E+02
  0.36560896E+01  0.10805800E+02
  0.38845952E+01  0.10606900E+02
  0.41131009E+01  0.10442800E+02
  0.43416065E+01  0.10329700E+02
  0.45701121E+01  0.10295700E+02
  0.47986177E+01  0.10176900E+02
  0.50271233E+01  0.10114900E+02
  0.52556289E+01  0.10063800E+02
  0.54841345E+01  0.10043500E+02
  0.57126401E+01  0.10162600E+02
  0.59411457E+01  0.10345300E+02
  0.61696513E+01  0.10279600E+02
  0.63981569E+01  0.10214200E+02
  0.66266625E+01  0.10164800E+02
  0.68528244E+01  0.10146100E+02
  0.70789863E+01  0.10164400E+02
  0.73051482E+01  0.10213100E+02
  0.75313101E+01  0.10278500E+02
  0.77574720E+01  0.10347500E+02
  0.79836338E+01  0.10166600E+02
  0.82097957E+01  0.10027000E+02
  0.84359576E+01  0.10040000E+02
  0.86621195E+01  0.10080500E+02
  0.88882814E+01  0.10123500E+02
  0.91144433E+01  0.10159800E+02
  0.93406052E+01  0.10180300E+02
  0.95667671E+01  0.10178500E+02
  0.97929290E+01  0.10157800E+02
  0.10019091E+02  0.10136800E+02
  0.10245253E+02  0.10142100E+02
  0.10471415E+02  0.99410000E+01
  0.10697577E+02  0.99092000E+01
  0.10923738E+02  0.99697000E+01
  0.11149900E+02  0.10060300E+02
  0.11376062E+02  0.10159400E+02
  0.11602224E+02  0.10255000E+02
  0.11828386E+02  0.10336300E+02
  0.12054548E+02  0.10390800E+02
  0.12280710E+02  0.10404000E+02
  0.12506872E+02  0.10378100E+02
  0.12733034E+02  0.10461100E+02
  0.12959196E+02  0.10471800E+02
  0.13185357E+02  0.10355700E+02
  0.13411519E+02  0.10132400E+02
  0.13637681E+02  0.99277000E+01
  0.13863843E+02  0.98326000E+01
  0.14090005E+02  0.97931000E+01
  0.14316167E+02  0.96663000E+01
  0.14542329E+02  0.96152000E+01
  0.14770834E+02  0.97191000E+01
  
  0.00000000E+00  0.94728000E+01
  0.22850560E+00  0.94979000E+01
  0.45701121E+00  0.95731000E+01
  0.68551681E+00  0.96879000E+01
  0.91402241E+00  0.98143000E+01
  0.11425280E+01  0.99133000E+01
  0.13710336E+01  0.99810000E+01
  0.15995392E+01  0.10131400E+02
  0.18280448E+01  0.10399100E+02
  0.20565504E+01  0.10645500E+02
  0.22850560E+01  0.10973400E+02
  0.25135616E+01  0.11299700E+02
  0.27420672E+01  0.11329300E+02
  0.29705728E+01  0.11281300E+02
  0.31990784E+01  0.11154800E+02
  0.34275840E+01  0.10995900E+02
  0.36560896E+01  0.10935200E+02
  0.38845952E+01  0.10849600E+02
  0.41131009E+01  0.10697300E+02
  0.43416065E+01  0.10505200E+02
  0.45701121E+01  0.10307400E+02
  0.47986177E+01  0.10361700E+02
  0.50271233E+01  0.10406600E+02
  0.52556289E+01  0.10431300E+02
  0.54841345E+01  0.10428900E+02
  0.57126401E+01  0.10398400E+02
  0.59411457E+01  0.10416500E+02
  0.61696513E+01  0.10692100E+02
  0.63981569E+01  0.10949900E+02
  0.66266625E+01  0.11037700E+02
  0.68528244E+01  0.11037900E+02
  0.70789863E+01  0.11037800E+02
  0.73051482E+01  0.10955000E+02
  0.75313101E+01  0.10700900E+02
  0.77574720E+01  0.10427100E+02
  0.79836338E+01  0.10412200E+02
  0.82097957E+01  0.10471200E+02
  0.84359576E+01  0.10531900E+02
  0.86621195E+01  0.10609300E+02
  0.88882814E+01  0.10714800E+02
  0.91144433E+01  0.10843900E+02
  0.93406052E+01  0.10973600E+02
  0.95667671E+01  0.10991700E+02
  0.97929290E+01  0.10752800E+02
  0.10019091E+02  0.10446300E+02
  0.10245253E+02  0.10146200E+02
  0.10471415E+02  0.10189800E+02
  0.10697577E+02  0.10271500E+02
  0.10923738E+02  0.10368900E+02
  0.11149900E+02  0.10469500E+02
  0.11376062E+02  0.10566800E+02
  0.11602224E+02  0.10656000E+02
  0.11828386E+02  0.10722400E+02
  0.12054548E+02  0.10673700E+02
  0.12280710E+02  0.10513700E+02
  0.12506872E+02  0.10442500E+02
  0.12733034E+02  0.10542300E+02
  0.12959196E+02  0.10586900E+02
  0.13185357E+02  0.10423900E+02
  0.13411519E+02  0.10206200E+02
  0.13637681E+02  0.10053400E+02
  0.13863843E+02  0.10027700E+02
  0.14090005E+02  0.10038900E+02
  0.14316167E+02  0.10042200E+02
  0.14542329E+02  0.10044500E+02
  0.14770834E+02  0.99891000E+01
  
  0.00000000E+00  0.95308000E+01
  0.22850560E+00  0.95811000E+01
  0.45701121E+00  0.97002000E+01
  0.68551681E+00  0.98245000E+01
  0.91402241E+00  0.98892000E+01
  0.11425280E+01  0.99253000E+01
  0.13710336E+01  0.10021100E+02
  0.15995392E+01  0.10191900E+02
  0.18280448E+01  0.10414400E+02
  0.20565504E+01  0.10744900E+02
  0.22850560E+01  0.11075500E+02
  0.25135616E+01  0.11323300E+02
  0.27420672E+01  0.11362500E+02
  0.29705728E+01  0.11296200E+02
  0.31990784E+01  0.11268900E+02
  0.34275840E+01  0.11255400E+02
  0.36560896E+01  0.11250400E+02
  0.38845952E+01  0.11245600E+02
  0.41131009E+01  0.11234700E+02
  0.43416065E+01  0.11214900E+02
  0.45701121E+01  0.11186500E+02
  0.47986177E+01  0.11152000E+02
  0.50271233E+01  0.11116000E+02
  0.52556289E+01  0.11083800E+02
  0.54841345E+01  0.11059800E+02
  0.57126401E+01  0.11045600E+02
  0.59411457E+01  0.11039200E+02
  0.61696513E+01  0.11037300E+02
  0.63981569E+01  0.11037300E+02
  0.66266625E+01  0.11147800E+02
  0.68528244E+01  0.11225800E+02
  0.70789863E+01  0.11149400E+02
  0.73051482E+01  0.11037400E+02
  0.75313101E+01  0.11037500E+02
  0.77574720E+01  0.11040000E+02
  0.79836338E+01  0.11048300E+02
  0.82097957E+01  0.11066400E+02
  0.84359576E+01  0.11097200E+02
  0.86621195E+01  0.11139600E+02
  0.88882814E+01  0.11187000E+02
  0.91144433E+01  0.11221400E+02
  0.93406052E+01  0.11183700E+02
  0.95667671E+01  0.11144300E+02
  0.97929290E+01  0.11146400E+02
  0.10019091E+02  0.11190600E+02
  0.10245253E+02  0.11268800E+02
  0.10471415E+02  0.11372000E+02
  0.10697577E+02  0.11492800E+02
  0.10923738E+02  0.11590800E+02
  0.11149900E+02  0.11640500E+02
  0.11376062E+02  0.11544700E+02
  0.11602224E+02  0.11281100E+02
  0.11828386E+02  0.11045200E+02
  0.12054548E+02  0.10942600E+02
  0.12280710E+02  0.10999900E+02
  0.12506872E+02  0.11077400E+02
  0.12733034E+02  0.10839200E+02
  0.12959196E+02  0.10646100E+02
  0.13185357E+02  0.10436900E+02
  0.13411519E+02  0.10341400E+02
  0.13637681E+02  0.10193300E+02
  0.13863843E+02  0.10135500E+02
  0.14090005E+02  0.10089000E+02
  0.14316167E+02  0.10162600E+02
  0.14542329E+02  0.10137700E+02
  0.14770834E+02  0.10114800E+02
  
  0.00000000E+00  0.10449400E+02
  0.22850560E+00  0.10467400E+02
  0.45701121E+00  0.10409800E+02
  0.68551681E+00  0.10339200E+02
  0.91402241E+00  0.10397700E+02
  0.11425280E+01  0.10571300E+02
  0.13710336E+01  0.10790800E+02
  0.15995392E+01  0.11003400E+02
  0.18280448E+01  0.11177600E+02
  0.20565504E+01  0.11268600E+02
  0.22850560E+01  0.11340200E+02
  0.25135616E+01  0.11426000E+02
  0.27420672E+01  0.11781700E+02
  0.29705728E+01  0.12196700E+02
  0.31990784E+01  0.12097500E+02
  0.34275840E+01  0.11853000E+02
  0.36560896E+01  0.11683700E+02
  0.38845952E+01  0.11615700E+02
  0.41131009E+01  0.11645300E+02
  0.43416065E+01  0.11754800E+02
  0.45701121E+01  0.11728500E+02
  0.47986177E+01  0.11628800E+02
  0.50271233E+01  0.11540600E+02
  0.52556289E+01  0.11464100E+02
  0.54841345E+01  0.11398900E+02
  0.57126401E+01  0.11344700E+02
  0.59411457E+01  0.11301200E+02
  0.61696513E+01  0.11267900E+02
  0.63981569E+01  0.11244400E+02
  0.66266625E+01  0.11230400E+02
  0.68528244E+01  0.11225800E+02
  0.70789863E+01  0.11230300E+02
  0.73051482E+01  0.11243600E+02
  0.75313101E+01  0.11264900E+02
  0.77574720E+01  0.11292600E+02
  0.79836338E+01  0.11323200E+02
  0.82097957E+01  0.11350900E+02
  0.84359576E+01  0.11366000E+02
  0.86621195E+01  0.11356300E+02
  0.88882814E+01  0.11314500E+02
  0.91144433E+01  0.11249100E+02
  0.93406052E+01  0.11201800E+02
  0.95667671E+01  0.11160400E+02
  0.97929290E+01  0.11246300E+02
  0.10019091E+02  0.11334900E+02
  0.10245253E+02  0.11411800E+02
  0.10471415E+02  0.11478600E+02
  0.10697577E+02  0.11537500E+02
  0.10923738E+02  0.11624300E+02
  0.11149900E+02  0.11735200E+02
  0.11376062E+02  0.11686900E+02
  0.11602224E+02  0.11722700E+02
  0.11828386E+02  0.11701200E+02
  0.12054548E+02  0.11535900E+02
  0.12280710E+02  0.11310500E+02
  0.12506872E+02  0.11095200E+02
  0.12733034E+02  0.10903100E+02
  0.12959196E+02  0.10783000E+02
  0.13185357E+02  0.10702300E+02
  0.13411519E+02  0.10480900E+02
  0.13637681E+02  0.10289800E+02
  0.13863843E+02  0.10145400E+02
  0.14090005E+02  0.10224300E+02
  0.14316167E+02  0.10280500E+02
  0.14542329E+02  0.10181600E+02
  0.14770834E+02  0.10221300E+02
  
  0.00000000E+00  0.10621100E+02
  0.22850560E+00  0.10538100E+02
  0.45701121E+00  0.10510400E+02
  0.68551681E+00  0.10556400E+02
  0.91402241E+00  0.10598800E+02
  0.11425280E+01  0.10668600E+02
  0.13710336E+01  0.10805000E+02
  0.15995392E+01  0.11010300E+02
  0.18280448E+01  0.11231000E+02
  0.20565504E+01  0.11447700E+02
  0.22850560E+01  0.11607200E+02
  0.25135616E+01  0.11746000E+02
  0.27420672E+01  0.12017300E+02
  0.29705728E+01  0.12287700E+02
  0.31990784E+01  0.12528300E+02
  0.34275840E+01  0.12378400E+02
  0.36560896E+01  0.12232300E+02
  0.38845952E+01  0.12092600E+02
  0.41131009E+01  0.11961200E+02
  0.43416065E+01  0.11839400E+02
  0.45701121E+01  0.11922700E+02
  0.47986177E+01  0.12129200E+02
  0.50271233E+01  0.12355600E+02
  0.52556289E+01  0.12580200E+02
  0.54841345E+01  0.12770200E+02
  0.57126401E+01  0.12890500E+02
  0.59411457E+01  0.12942500E+02
  0.61696513E+01  0.12956300E+02
  0.63981569E+01  0.12953500E+02
  0.66266625E+01  0.12939800E+02
  0.68528244E+01  0.12923400E+02
  0.70789863E+01  0.12939600E+02
  0.73051482E+01  0.12953600E+02
  0.75313101E+01  0.12958000E+02
  0.77574720E+01  0.12950700E+02
  0.79836338E+01  0.12921000E+02
  0.82097957E+01  0.12857700E+02
  0.84359576E+01  0.12771600E+02
  0.86621195E+01  0.12700700E+02
  0.88882814E+01  0.12681900E+02
  0.91144433E+01  0.12421300E+02
  0.93406052E+01  0.12211400E+02
  0.95667671E+01  0.12157700E+02
  0.97929290E+01  0.12247400E+02
  0.10019091E+02  0.12408300E+02
  0.10245253E+02  0.12583400E+02
  0.10471415E+02  0.12667600E+02
  0.10697577E+02  0.12404500E+02
  0.10923738E+02  0.12128100E+02
  0.11149900E+02  0.11876200E+02
  0.11376062E+02  0.11929500E+02
  0.11602224E+02  0.12047800E+02
  0.11828386E+02  0.11921800E+02
  0.12054548E+02  0.11686800E+02
  0.12280710E+02  0.11414000E+02
  0.12506872E+02  0.11150000E+02
  0.12733034E+02  0.11148900E+02
  0.12959196E+02  0.10935000E+02
  0.13185357E+02  0.10885100E+02
  0.13411519E+02  0.10756300E+02
  0.13637681E+02  0.10612600E+02
  0.13863843E+02  0.10488600E+02
  0.14090005E+02  0.10386000E+02
  0.14316167E+02  0.10282300E+02
  0.14542329E+02  0.10444800E+02
  0.14770834E+02  0.10419400E+02
  
  0.00000000E+00  0.10982200E+02
  0.22850560E+00  0.11088000E+02
  0.45701121E+00  0.11291400E+02
  0.68551681E+00  0.11517100E+02
  0.91402241E+00  0.11595800E+02
  0.11425280E+01  0.11719400E+02
  0.13710336E+01  0.11624500E+02
  0.15995392E+01  0.11534100E+02
  0.18280448E+01  0.11537400E+02
  0.20565504E+01  0.11666800E+02
  0.22850560E+01  0.11857300E+02
  0.25135616E+01  0.12095300E+02
  0.27420672E+01  0.12387200E+02
  0.29705728E+01  0.12530100E+02
  0.31990784E+01  0.12620300E+02
  0.34275840E+01  0.12885900E+02
  0.36560896E+01  0.12801300E+02
  0.38845952E+01  0.12813500E+02
  0.41131009E+01  0.12910600E+02
  0.43416065E+01  0.13006700E+02
  0.45701121E+01  0.13096700E+02
  0.47986177E+01  0.13207100E+02
  0.50271233E+01  0.13323400E+02
  0.52556289E+01  0.13420500E+02
  0.54841345E+01  0.13469600E+02
  0.57126401E+01  0.13463600E+02
  0.59411457E+01  0.13423300E+02
  0.61696513E+01  0.13372600E+02
  0.63981569E+01  0.13327500E+02
  0.66266625E+01  0.13129800E+02
  0.68528244E+01  0.13056300E+02
  0.70789863E+01  0.13128200E+02
  0.73051482E+01  0.13326700E+02
  0.75313101E+01  0.13371100E+02
  0.77574720E+01  0.13421100E+02
  0.79836338E+01  0.13459800E+02
  0.82097957E+01  0.13448000E+02
  0.84359576E+01  0.13304000E+02
  0.86621195E+01  0.13029700E+02
  0.88882814E+01  0.12715800E+02
  0.91144433E+01  0.12728100E+02
  0.93406052E+01  0.12827400E+02
  0.95667671E+01  0.12950200E+02
  0.97929290E+01  0.13044000E+02
  0.10019091E+02  0.13033800E+02
  0.10245253E+02  0.12892500E+02
  0.10471415E+02  0.12728100E+02
  0.10697577E+02  0.12797300E+02
  0.10923738E+02  0.12753100E+02
  0.11149900E+02  0.12599000E+02
  0.11376062E+02  0.12379100E+02
  0.11602224E+02  0.12138600E+02
  0.11828386E+02  0.12030000E+02
  0.12054548E+02  0.11843900E+02
  0.12280710E+02  0.11643800E+02
  0.12506872E+02  0.11416100E+02
  0.12733034E+02  0.11204500E+02
  0.12959196E+02  0.11053900E+02
  0.13185357E+02  0.10919900E+02
  0.13411519E+02  0.10859800E+02
  0.13637681E+02  0.10832800E+02
  0.13863843E+02  0.10684700E+02
  0.14090005E+02  0.10624900E+02
  0.14316167E+02  0.10693400E+02
  0.14542329E+02  0.10581000E+02
  0.14770834E+02  0.10620800E+02
  
  0.00000000E+00  0.11541000E+02
  0.22850560E+00  0.11530100E+02
  0.45701121E+00  0.11513700E+02
  0.68551681E+00  0.11526800E+02
  0.91402241E+00  0.11722500E+02
  0.11425280E+01  0.11741000E+02
  0.13710336E+01  0.11874100E+02
  0.15995392E+01  0.12025800E+02
  0.18280448E+01  0.12139600E+02
  0.20565504E+01  0.12215900E+02
  0.22850560E+01  0.12321800E+02
  0.25135616E+01  0.12504400E+02
  0.27420672E+01  0.12630400E+02
  0.29705728E+01  0.12679100E+02
  0.31990784E+01  0.12831600E+02
  0.34275840E+01  0.12890100E+02
  0.36560896E+01  0.12896300E+02
  0.38845952E+01  0.12908100E+02
  0.41131009E+01  0.12943400E+02
  0.43416065E+01  0.13065800E+02
  0.45701121E+01  0.13256800E+02
  0.47986177E+01  0.13468500E+02
  0.50271233E+01  0.13542500E+02
  0.52556289E+01  0.13528400E+02
  0.54841345E+01  0.13574800E+02
  0.57126401E+01  0.13703400E+02
  0.59411457E+01  0.13828900E+02
  0.61696513E+01  0.13637600E+02
  0.63981569E+01  0.13346700E+02
  0.66266625E+01  0.13297300E+02
  0.68528244E+01  0.13286700E+02
  0.70789863E+01  0.13297100E+02
  0.73051482E+01  0.13341600E+02
  0.75313101E+01  0.13635800E+02
  0.77574720E+01  0.13905300E+02
  0.79836338E+01  0.13804600E+02
  0.82097957E+01  0.13667000E+02
  0.84359576E+01  0.13605300E+02
  0.86621195E+01  0.13605200E+02
  0.88882814E+01  0.13644100E+02
  0.91144433E+01  0.13705600E+02
  0.93406052E+01  0.13716800E+02
  0.95667671E+01  0.13723100E+02
  0.97929290E+01  0.13738500E+02
  0.10019091E+02  0.13760900E+02
  0.10245253E+02  0.13781700E+02
  0.10471415E+02  0.13771100E+02
  0.10697577E+02  0.13609900E+02
  0.10923738E+02  0.13284500E+02
  0.11149900E+02  0.12951000E+02
  0.11376062E+02  0.12626600E+02
  0.11602224E+02  0.12314700E+02
  0.11828386E+02  0.12070200E+02
  0.12054548E+02  0.11895600E+02
  0.12280710E+02  0.11656800E+02
  0.12506872E+02  0.11444000E+02
  0.12733034E+02  0.11269400E+02
  0.12959196E+02  0.11110800E+02
  0.13185357E+02  0.11017600E+02
  0.13411519E+02  0.10979300E+02
  0.13637681E+02  0.10862000E+02
  0.13863843E+02  0.10881800E+02
  0.14090005E+02  0.10830100E+02
  0.14316167E+02  0.10750900E+02
  0.14542329E+02  0.10935200E+02
  0.14770834E+02  0.10976800E+02
  
  0.00000000E+00  0.12574300E+02
  0.22850560E+00  0.12581200E+02
  0.45701121E+00  0.12381300E+02
  0.68551681E+00  0.12189500E+02
  0.91402241E+00  0.12039300E+02
  0.11425280E+01  0.12094200E+02
  0.13710336E+01  0.12301700E+02
  0.15995392E+01  0.12507300E+02
  0.18280448E+01  0.12676100E+02
  0.20565504E+01  0.12801300E+02
  0.22850560E+01  0.12912300E+02
  0.25135616E+01  0.12969800E+02
  0.27420672E+01  0.12827500E+02
  0.29705728E+01  0.12702200E+02
  0.31990784E+01  0.12908900E+02
  0.34275840E+01  0.13106800E+02
  0.36560896E+01  0.13546000E+02
  0.38845952E+01  0.13842700E+02
  0.41131009E+01  0.13817000E+02
  0.43416065E+01  0.13739700E+02
  0.45701121E+01  0.13660200E+02
  0.47986177E+01  0.13591300E+02
  0.50271233E+01  0.13691200E+02
  0.52556289E+01  0.13917600E+02
  0.54841345E+01  0.14141600E+02
  0.57126401E+01  0.14356800E+02
  0.59411457E+01  0.14251800E+02
  0.61696513E+01  0.14373500E+02
  0.63981569E+01  0.14681100E+02
  0.66266625E+01  0.14955900E+02
  0.68528244E+01  0.14986900E+02
  0.70789863E+01  0.14953900E+02
  0.73051482E+01  0.14686900E+02
  0.75313101E+01  0.14370400E+02
  0.77574720E+01  0.14153600E+02
  0.79836338E+01  0.14199500E+02
  0.82097957E+01  0.13951800E+02
  0.84359576E+01  0.13798500E+02
  0.86621195E+01  0.13747600E+02
  0.88882814E+01  0.13728900E+02
  0.91144433E+01  0.13719200E+02
  0.93406052E+01  0.13777500E+02
  0.95667671E+01  0.13843600E+02
  0.97929290E+01  0.13886200E+02
  0.10019091E+02  0.13932500E+02
  0.10245253E+02  0.14018800E+02
  0.10471415E+02  0.14005700E+02
  0.10697577E+02  0.13671300E+02
  0.10923738E+02  0.13370800E+02
  0.11149900E+02  0.13071600E+02
  0.11376062E+02  0.12777500E+02
  0.11602224E+02  0.12493100E+02
  0.11828386E+02  0.12231800E+02
  0.12054548E+02  0.12049500E+02
  0.12280710E+02  0.11794300E+02
  0.12506872E+02  0.11531200E+02
  0.12733034E+02  0.11331600E+02
  0.12959196E+02  0.11382200E+02
  0.13185357E+02  0.11259900E+02
  0.13411519E+02  0.11325700E+02
  0.13637681E+02  0.11332900E+02
  0.13863843E+02  0.11169500E+02
  0.14090005E+02  0.11081700E+02
  0.14316167E+02  0.11048800E+02
  0.14542329E+02  0.11003500E+02
  0.14770834E+02  0.11039200E+02
  
  0.00000000E+00  0.12722100E+02
  0.22850560E+00  0.12605700E+02
  0.45701121E+00  0.12688000E+02
  0.68551681E+00  0.12793900E+02
  0.91402241E+00  0.12892000E+02
  0.11425280E+01  0.12952100E+02
  0.13710336E+01  0.12966300E+02
  0.15995392E+01  0.12968700E+02
  0.18280448E+01  0.13015400E+02
  0.20565504E+01  0.13130300E+02
  0.22850560E+01  0.13102600E+02
  0.25135616E+01  0.13022200E+02
  0.27420672E+01  0.13060300E+02
  0.29705728E+01  0.13097000E+02
  0.31990784E+01  0.13071800E+02
  0.34275840E+01  0.13231000E+02
  0.36560896E+01  0.13620300E+02
  0.38845952E+01  0.14006000E+02
  0.41131009E+01  0.14444100E+02
  0.43416065E+01  0.14551600E+02
  0.45701121E+01  0.14478300E+02
  0.47986177E+01  0.14393000E+02
  0.50271233E+01  0.14324700E+02
  0.52556289E+01  0.14298900E+02
  0.54841345E+01  0.14340100E+02
  0.57126401E+01  0.14448700E+02
  0.59411457E+01  0.14555800E+02
  0.61696513E+01  0.14729500E+02
  0.63981569E+01  0.14866800E+02
  0.66266625E+01  0.14957300E+02
  0.68528244E+01  0.14986900E+02
  0.70789863E+01  0.14960600E+02
  0.73051482E+01  0.14850200E+02
  0.75313101E+01  0.14680100E+02
  0.77574720E+01  0.14456200E+02
  0.79836338E+01  0.14365800E+02
  0.82097957E+01  0.14594700E+02
  0.84359576E+01  0.14591700E+02
  0.86621195E+01  0.14635300E+02
  0.88882814E+01  0.14720800E+02
  0.91144433E+01  0.14724800E+02
  0.93406052E+01  0.14584900E+02
  0.95667671E+01  0.14453100E+02
  0.97929290E+01  0.14394000E+02
  0.10019091E+02  0.14435300E+02
  0.10245253E+02  0.14369900E+02
  0.10471415E+02  0.14041100E+02
  0.10697577E+02  0.13797400E+02
  0.10923738E+02  0.13480300E+02
  0.11149900E+02  0.13164600E+02
  0.11376062E+02  0.12862100E+02
  0.11602224E+02  0.12586600E+02
  0.11828386E+02  0.12359100E+02
  0.12054548E+02  0.12075100E+02
  0.12280710E+02  0.11926200E+02
  0.12506872E+02  0.11740000E+02
  0.12733034E+02  0.11549100E+02
  0.12959196E+02  0.11398100E+02
  0.13185357E+02  0.11532000E+02
  0.13411519E+02  0.11509200E+02
  0.13637681E+02  0.11500000E+02
  0.13863843E+02  0.11514400E+02
  0.14090005E+02  0.11447100E+02
  0.14316167E+02  0.11394200E+02
  0.14542329E+02  0.11347400E+02
  0.14770834E+02  0.11274200E+02
  
  0.00000000E+00  0.12916100E+02
  0.22850560E+00  0.13060200E+02
  0.45701121E+00  0.13270000E+02
  0.68551681E+00  0.13479800E+02
  0.91402241E+00  0.13603100E+02
  0.11425280E+01  0.13556000E+02
  0.13710336E+01  0.13495500E+02
  0.15995392E+01  0.13420100E+02
  0.18280448E+01  0.13329400E+02
  0.20565504E+01  0.13223200E+02
  0.22850560E+01  0.13242600E+02
  0.25135616E+01  0.13172600E+02
  0.27420672E+01  0.13078500E+02
  0.29705728E+01  0.13264800E+02
  0.31990784E+01  0.13243200E+02
  0.34275840E+01  0.13594600E+02
  0.36560896E+01  0.13999100E+02
  0.38845952E+01  0.14248700E+02
  0.41131009E+01  0.14635400E+02
  0.43416065E+01  0.15017000E+02
  0.45701121E+01  0.15504000E+02
  0.47986177E+01  0.15524400E+02
  0.50271233E+01  0.15483400E+02
  0.52556289E+01  0.15367100E+02
  0.54841345E+01  0.14940400E+02
  0.57126401E+01  0.14538200E+02
  0.59411457E+01  0.14595300E+02
  0.61696513E+01  0.14745700E+02
  0.63981569E+01  0.14872800E+02
  0.66266625E+01  0.15025200E+02
  0.68528244E+01  0.15129100E+02
  0.70789863E+01  0.15028800E+02
  0.73051482E+01  0.14894700E+02
  0.75313101E+01  0.14807200E+02
  0.77574720E+01  0.14716400E+02
  0.79836338E+01  0.14640200E+02
  0.82097957E+01  0.14647300E+02
  0.84359576E+01  0.14824900E+02
  0.86621195E+01  0.14874400E+02
  0.88882814E+01  0.14830600E+02
  0.91144433E+01  0.14839500E+02
  0.93406052E+01  0.14982700E+02
  0.95667671E+01  0.15141900E+02
  0.97929290E+01  0.15124900E+02
  0.10019091E+02  0.14746400E+02
  0.10245253E+02  0.14403000E+02
  0.10471415E+02  0.14077100E+02
  0.10697577E+02  0.13858100E+02
  0.10923738E+02  0.13646000E+02
  0.11149900E+02  0.13317800E+02
  0.11376062E+02  0.12995700E+02
  0.11602224E+02  0.12683600E+02
  0.11828386E+02  0.12430200E+02
  0.12054548E+02  0.12352400E+02
  0.12280710E+02  0.12244100E+02
  0.12506872E+02  0.12242800E+02
  0.12733034E+02  0.12082300E+02
  0.12959196E+02  0.11905800E+02
  0.13185357E+02  0.11733400E+02
  0.13411519E+02  0.11703100E+02
  0.13637681E+02  0.11665400E+02
  0.13863843E+02  0.11579500E+02
  0.14090005E+02  0.11505000E+02
  0.14316167E+02  0.11445900E+02
  0.14542329E+02  0.11357100E+02
  0.14770834E+02  0.11325800E+02
  
  0.00000000E+00  0.13680200E+02
  0.22850560E+00  0.13675700E+02
  0.45701121E+00  0.13661800E+02
  0.68551681E+00  0.13637900E+02
  0.91402241E+00  0.13676600E+02
  0.11425280E+01  0.13836900E+02
  0.13710336E+01  0.13812000E+02
  0.15995392E+01  0.13655600E+02
  0.18280448E+01  0.13524800E+02
  0.20565504E+01  0.13448100E+02
  0.22850560E+01  0.13425100E+02
  0.25135616E+01  0.13468800E+02
  0.27420672E+01  0.13618400E+02
  0.29705728E+01  0.13322400E+02
  0.31990784E+01  0.13586100E+02
  0.34275840E+01  0.13899000E+02
  0.36560896E+01  0.14074300E+02
  0.38845952E+01  0.14399600E+02
  0.41131009E+01  0.14664400E+02
  0.43416065E+01  0.15076200E+02
  0.45701121E+01  0.15527900E+02
  0.47986177E+01  0.15943400E+02
  0.50271233E+01  0.15788500E+02
  0.52556289E+01  0.15444500E+02
  0.54841345E+01  0.15408300E+02
  0.57126401E+01  0.15375600E+02
  0.59411457E+01  0.15347300E+02
  0.61696513E+01  0.15285400E+02
  0.63981569E+01  0.15198200E+02
  0.66266625E+01  0.15146300E+02
  0.68528244E+01  0.15293200E+02
  0.70789863E+01  0.15145900E+02
  0.73051482E+01  0.15196200E+02
  0.75313101E+01  0.15280000E+02
  0.77574720E+01  0.15357100E+02
  0.79836338E+01  0.15410600E+02
  0.82097957E+01  0.15516600E+02
  0.84359576E+01  0.15720300E+02
  0.86621195E+01  0.16013900E+02
  0.88882814E+01  0.16310500E+02
  0.91144433E+01  0.16307200E+02
  0.93406052E+01  0.15911200E+02
  0.95667671E+01  0.15517700E+02
  0.97929290E+01  0.15132500E+02
  0.10019091E+02  0.14758700E+02
  0.10245253E+02  0.14464300E+02
  0.10471415E+02  0.14260100E+02
  0.10697577E+02  0.13973300E+02
  0.10923738E+02  0.13701900E+02
  0.11149900E+02  0.13432900E+02
  0.11376062E+02  0.13137600E+02
  0.11602224E+02  0.12850200E+02
  0.11828386E+02  0.12581000E+02
  0.12054548E+02  0.12408800E+02
  0.12280710E+02  0.12373700E+02
  0.12506872E+02  0.12248900E+02
  0.12733034E+02  0.12159800E+02
  0.12959196E+02  0.12010100E+02
  0.13185357E+02  0.11869900E+02
  0.13411519E+02  0.11751600E+02
  0.13637681E+02  0.11682500E+02
  0.13863843E+02  0.11706300E+02
  0.14090005E+02  0.11655700E+02
  0.14316167E+02  0.11533400E+02
  0.14542329E+02  0.11408600E+02
  0.14770834E+02  0.11353400E+02
  
  0.00000000E+00  0.14036100E+02
  0.22850560E+00  0.14027600E+02
  0.45701121E+00  0.13998800E+02
  0.68551681E+00  0.13951100E+02
  0.91402241E+00  0.13908600E+02
  0.11425280E+01  0.13911600E+02
  0.13710336E+01  0.13983700E+02
  0.15995392E+01  0.14103200E+02
  0.18280448E+01  0.14182600E+02
  0.20565504E+01  0.14069000E+02
  0.22850560E+01  0.13886400E+02
  0.25135616E+01  0.13909600E+02
  0.27420672E+01  0.13635200E+02
  0.29705728E+01  0.13913700E+02
  0.31990784E+01  0.14248100E+02
  0.34275840E+01  0.14427800E+02
  0.36560896E+01  0.14581300E+02
  0.38845952E+01  0.14900300E+02
  0.41131009E+01  0.15058500E+02
  0.43416065E+01  0.15460800E+02
  0.45701121E+01  0.15566800E+02
  0.47986177E+01  0.16008400E+02
  0.50271233E+01  0.16238700E+02
  0.52556289E+01  0.15987000E+02
  0.54841345E+01  0.15761200E+02
  0.57126401E+01  0.15567400E+02
  0.59411457E+01  0.15408400E+02
  0.61696513E+01  0.15324300E+02
  0.63981569E+01  0.15307200E+02
  0.66266625E+01  0.15296700E+02
  0.68528244E+01  0.15293200E+02
  0.70789863E+01  0.15296700E+02
  0.73051482E+01  0.15307400E+02
  0.75313101E+01  0.15326300E+02
  0.77574720E+01  0.15398700E+02
  0.79836338E+01  0.15553100E+02
  0.82097957E+01  0.15743000E+02
  0.84359576E+01  0.15965900E+02
  0.86621195E+01  0.16215700E+02
  0.88882814E+01  0.16472500E+02
  0.91144433E+01  0.16355300E+02
  0.93406052E+01  0.15943300E+02
  0.95667671E+01  0.15539200E+02
  0.97929290E+01  0.15319800E+02
  0.10019091E+02  0.14948600E+02
  0.10245253E+02  0.14614100E+02
  0.10471415E+02  0.14374100E+02
  0.10697577E+02  0.14156500E+02
  0.10923738E+02  0.13913600E+02
  0.11149900E+02  0.13804400E+02
  0.11376062E+02  0.13664300E+02
  0.11602224E+02  0.13451700E+02
  0.11828386E+02  0.13207600E+02
  0.12054548E+02  0.12959600E+02
  0.12280710E+02  0.12726700E+02
  0.12506872E+02  0.12545700E+02
  0.12733034E+02  0.12443300E+02
  0.12959196E+02  0.12216900E+02
  0.13185357E+02  0.12016000E+02
  0.13411519E+02  0.11853200E+02
  0.13637681E+02  0.11832600E+02
  0.13863843E+02  0.11867900E+02
  0.14090005E+02  0.11839200E+02
  0.14316167E+02  0.11801800E+02
  0.14542329E+02  0.11831100E+02
  0.14770834E+02  0.11867800E+02
  
  0.00000000E+00  0.14931000E+02
  0.22850560E+00  0.14826700E+02
  0.45701121E+00  0.14649100E+02
  0.68551681E+00  0.14456400E+02
  0.91402241E+00  0.14260100E+02
  0.11425280E+01  0.14080700E+02
  0.13710336E+01  0.14067600E+02
  0.15995392E+01  0.14180000E+02
  0.18280448E+01  0.14294100E+02
  0.20565504E+01  0.14426700E+02
  0.22850560E+01  0.14281600E+02
  0.25135616E+01  0.13942500E+02
  0.27420672E+01  0.14122000E+02
  0.29705728E+01  0.14344500E+02
  0.31990784E+01  0.14427200E+02
  0.34275840E+01  0.14591000E+02
  0.36560896E+01  0.14837300E+02
  0.38845952E+01  0.14926900E+02
  0.41131009E+01  0.15335500E+02
  0.43416065E+01  0.15610800E+02
  0.45701121E+01  0.15925700E+02
  0.47986177E+01  0.16290100E+02
  0.50271233E+01  0.16491200E+02
  0.52556289E+01  0.16817900E+02
  0.54841345E+01  0.16847500E+02
  0.57126401E+01  0.16785400E+02
  0.59411457E+01  0.16686600E+02
  0.61696513E+01  0.16495500E+02
  0.63981569E+01  0.16181300E+02
  0.66266625E+01  0.15819900E+02
  0.68528244E+01  0.15544500E+02
  0.70789863E+01  0.15816200E+02
  0.73051482E+01  0.16174300E+02
  0.75313101E+01  0.16489200E+02
  0.77574720E+01  0.16686300E+02
  0.79836338E+01  0.16791700E+02
  0.82097957E+01  0.16870400E+02
  0.84359576E+01  0.16941300E+02
  0.86621195E+01  0.16988600E+02
  0.88882814E+01  0.16711900E+02
  0.91144433E+01  0.16403300E+02
  0.93406052E+01  0.16103800E+02
  0.95667671E+01  0.15706400E+02
  0.97929290E+01  0.15328700E+02
  0.10019091E+02  0.15161500E+02
  0.10245253E+02  0.14830500E+02
  0.10471415E+02  0.14482500E+02
  0.10697577E+02  0.14324000E+02
  0.10923738E+02  0.14220900E+02
  0.11149900E+02  0.13984400E+02
  0.11376062E+02  0.13717600E+02
  0.11602224E+02  0.13458200E+02
  0.11828386E+02  0.13224000E+02
  0.12054548E+02  0.13039600E+02
  0.12280710E+02  0.12903900E+02
  0.12506872E+02  0.12684200E+02
  0.12733034E+02  0.12487400E+02
  0.12959196E+02  0.12413700E+02
  0.13185357E+02  0.12273000E+02
  0.13411519E+02  0.12131600E+02
  0.13637681E+02  0.12009900E+02
  0.13863843E+02  0.11957100E+02
  0.14090005E+02  0.12092300E+02
  0.14316167E+02  0.12290300E+02
  0.14542329E+02  0.12364600E+02
  0.14770834E+02  0.12312200E+02
  
