  0.00000000E+00 -0.14461700E+02
  0.89411573E-01 -0.14726800E+02
  0.17882315E+00 -0.14981900E+02
  0.26823472E+00 -0.15226200E+02
  0.35764629E+00 -0.15459100E+02
  0.44705787E+00 -0.15679800E+02
  0.53646944E+00 -0.15887900E+02
  0.62588101E+00 -0.16083000E+02
  0.71529259E+00 -0.16264800E+02
  0.80470416E+00 -0.16432900E+02
  0.89411573E+00 -0.16587000E+02
  0.98352731E+00 -0.16727000E+02
  0.10729389E+01 -0.16852800E+02
  0.11623505E+01 -0.16964000E+02
  0.12517620E+01 -0.17060700E+02
  0.13411736E+01 -0.17142600E+02
  0.14305852E+01 -0.17209800E+02
  0.15199967E+01 -0.17262100E+02
  0.16094083E+01 -0.17299500E+02
  0.16988199E+01 -0.17321900E+02
  0.17905341E+01 -0.17329400E+02
  0.18822482E+01 -0.17323000E+02
  0.19739624E+01 -0.17303800E+02
  0.20656765E+01 -0.17272000E+02
  0.21573907E+01 -0.17227600E+02
  0.22491049E+01 -0.17170900E+02
  0.23408190E+01 -0.17102200E+02
  0.24325332E+01 -0.17021900E+02
  0.25242474E+01 -0.16930400E+02
  0.26159615E+01 -0.16828400E+02
  0.27076757E+01 -0.16716500E+02
  0.27993899E+01 -0.16595600E+02
  0.28911040E+01 -0.16466900E+02
  0.29828182E+01 -0.16331400E+02
  0.30745324E+01 -0.16190800E+02
  0.31639439E+01 -0.16046800E+02
  
  0.00000000E+00 -0.14461700E+02
  0.89411573E-01 -0.14187900E+02
  0.17882315E+00 -0.13906500E+02
  0.26823472E+00 -0.13619300E+02
  0.35764629E+00 -0.13328300E+02
  0.44705787E+00 -0.13110200E+02
  0.53646944E+00 -0.13328500E+02
  0.62588101E+00 -0.13532400E+02
  0.71529259E+00 -0.13721700E+02
  0.80470416E+00 -0.13896300E+02
  0.89411573E+00 -0.14056200E+02
  0.98352731E+00 -0.14201100E+02
  0.10729389E+01 -0.14330900E+02
  0.11623505E+01 -0.14445700E+02
  0.12517620E+01 -0.14545300E+02
  0.13411736E+01 -0.14629700E+02
  0.14305852E+01 -0.14698800E+02
  0.15199967E+01 -0.14752500E+02
  0.16094083E+01 -0.14791000E+02
  0.16988199E+01 -0.14814000E+02
  0.17905341E+01 -0.14821700E+02
  0.18822482E+01 -0.14825600E+02
  0.19739624E+01 -0.14837500E+02
  0.20656765E+01 -0.14858200E+02
  0.21573907E+01 -0.14889100E+02
  0.22491049E+01 -0.14931700E+02
  0.23408190E+01 -0.14987600E+02
  0.24325332E+01 -0.15057900E+02
  0.25242474E+01 -0.15143200E+02
  0.26159615E+01 -0.15243300E+02
  0.27076757E+01 -0.15356900E+02
  0.27993899E+01 -0.15482100E+02
  0.28911040E+01 -0.15616400E+02
  0.29828182E+01 -0.15757100E+02
  0.30745324E+01 -0.15901400E+02
  0.31639439E+01 -0.16046800E+02
  
  0.00000000E+00 -0.11810500E+02
  0.89411573E-01 -0.12097200E+02
  0.17882315E+00 -0.12370900E+02
  0.26823472E+00 -0.12631200E+02
  0.35764629E+00 -0.12877700E+02
  0.44705787E+00 -0.13035900E+02
  0.53646944E+00 -0.12745300E+02
  0.62588101E+00 -0.12460300E+02
  0.71529259E+00 -0.12185300E+02
  0.80470416E+00 -0.11925500E+02
  0.89411573E+00 -0.11686100E+02
  0.98352731E+00 -0.11472100E+02
  0.10729389E+01 -0.11287500E+02
  0.11623505E+01 -0.11134100E+02
  0.12517620E+01 -0.11011400E+02
  0.13411736E+01 -0.10917100E+02
  0.14305852E+01 -0.10847400E+02
  0.15199967E+01 -0.10798300E+02
  0.16094083E+01 -0.10766100E+02
  0.16988199E+01 -0.10748000E+02
  0.17905341E+01 -0.10742200E+02
  0.18822482E+01 -0.10759900E+02
  0.19739624E+01 -0.10810100E+02
  0.20656765E+01 -0.10884400E+02
  0.21573907E+01 -0.10971800E+02
  0.22491049E+01 -0.11061100E+02
  0.23408190E+01 -0.11142000E+02
  0.24325332E+01 -0.11206500E+02
  0.25242474E+01 -0.11248300E+02
  0.26159615E+01 -0.11263700E+02
  0.27076757E+01 -0.11250500E+02
  0.27993899E+01 -0.11208300E+02
  0.28911040E+01 -0.11137900E+02
  0.29828182E+01 -0.11040600E+02
  0.30745324E+01 -0.10918300E+02
  0.31639439E+01 -0.10773100E+02
  
  0.00000000E+00 -0.11810500E+02
  0.89411573E-01 -0.11511000E+02
  0.17882315E+00 -0.11199400E+02
  0.26823472E+00 -0.10876300E+02
  0.35764629E+00 -0.10542400E+02
  0.44705787E+00 -0.10198700E+02
  0.53646944E+00 -0.98466000E+01
  0.62588101E+00 -0.94876000E+01
  0.71529259E+00 -0.91241000E+01
  0.80470416E+00 -0.87592000E+01
  0.89411573E+00 -0.83972000E+01
  0.98352731E+00 -0.80442000E+01
  0.10729389E+01 -0.77088000E+01
  0.11623505E+01 -0.77260000E+01
  0.12517620E+01 -0.78017000E+01
  0.13411736E+01 -0.78668000E+01
  0.14305852E+01 -0.79207000E+01
  0.15199967E+01 -0.79631000E+01
  0.16094083E+01 -0.79935000E+01
  0.16988199E+01 -0.80118000E+01
  0.17905341E+01 -0.80179000E+01
  0.18822482E+01 -0.80430000E+01
  0.19739624E+01 -0.81182000E+01
  0.20656765E+01 -0.82415000E+01
  0.21573907E+01 -0.84072000E+01
  0.22491049E+01 -0.86062000E+01
  0.23408190E+01 -0.88279000E+01
  0.24325332E+01 -0.90629000E+01
  0.25242474E+01 -0.93036000E+01
  0.26159615E+01 -0.95439000E+01
  0.27076757E+01 -0.97793000E+01
  0.27993899E+01 -0.10006100E+02
  0.28911040E+01 -0.10221300E+02
  0.29828182E+01 -0.10422400E+02
  0.30745324E+01 -0.10607100E+02
  0.31639439E+01 -0.10773100E+02
  
  0.00000000E+00 -0.67769000E+01
  0.89411573E-01 -0.68455000E+01
  0.17882315E+00 -0.69333000E+01
  0.26823472E+00 -0.70310000E+01
  0.35764629E+00 -0.71299000E+01
  0.44705787E+00 -0.72224000E+01
  0.53646944E+00 -0.73016000E+01
  0.62588101E+00 -0.73616000E+01
  0.71529259E+00 -0.73963000E+01
  0.80470416E+00 -0.74002000E+01
  0.89411573E+00 -0.74433000E+01
  0.98352731E+00 -0.75456000E+01
  0.10729389E+01 -0.76403000E+01
  0.11623505E+01 -0.74024000E+01
  0.12517620E+01 -0.71378000E+01
  0.13411736E+01 -0.69263000E+01
  0.14305852E+01 -0.67715000E+01
  0.15199967E+01 -0.67457000E+01
  0.16094083E+01 -0.67790000E+01
  0.16988199E+01 -0.67991000E+01
  0.17905341E+01 -0.68058000E+01
  0.18822482E+01 -0.67707000E+01
  0.19739624E+01 -0.66682000E+01
  0.20656765E+01 -0.66121000E+01
  0.21573907E+01 -0.66153000E+01
  0.22491049E+01 -0.65961000E+01
  0.23408190E+01 -0.65535000E+01
  0.24325332E+01 -0.64891000E+01
  0.25242474E+01 -0.64047000E+01
  0.26159615E+01 -0.63022000E+01
  0.27076757E+01 -0.61832000E+01
  0.27993899E+01 -0.60487000E+01
  0.28911040E+01 -0.59000000E+01
  0.29828182E+01 -0.57379000E+01
  0.30745324E+01 -0.55632000E+01
  0.31639439E+01 -0.53770000E+01
  
  0.00000000E+00 -0.67769000E+01
  0.89411573E-01 -0.67364000E+01
  0.17882315E+00 -0.67299000E+01
  0.26823472E+00 -0.67586000E+01
  0.35764629E+00 -0.68183000E+01
  0.44705787E+00 -0.69019000E+01
  0.53646944E+00 -0.70016000E+01
  0.62588101E+00 -0.71105000E+01
  0.71529259E+00 -0.72230000E+01
  0.80470416E+00 -0.73350000E+01
  0.89411573E+00 -0.73683000E+01
  0.98352731E+00 -0.72966000E+01
  0.10729389E+01 -0.71833000E+01
  0.11623505E+01 -0.70299000E+01
  0.12517620E+01 -0.68417000E+01
  0.13411736E+01 -0.66396000E+01
  0.14305852E+01 -0.66991000E+01
  0.15199967E+01 -0.66680000E+01
  0.16094083E+01 -0.66048000E+01
  0.16988199E+01 -0.65715000E+01
  0.17905341E+01 -0.65611000E+01
  0.18822482E+01 -0.65709000E+01
  0.19739624E+01 -0.65930000E+01
  0.20656765E+01 -0.65063000E+01
  0.21573907E+01 -0.62953000E+01
  0.22491049E+01 -0.60461000E+01
  0.23408190E+01 -0.57685000E+01
  0.24325332E+01 -0.55990000E+01
  0.25242474E+01 -0.55304000E+01
  0.26159615E+01 -0.54548000E+01
  0.27076757E+01 -0.53731000E+01
  0.27993899E+01 -0.52864000E+01
  0.28911040E+01 -0.51956000E+01
  0.29828182E+01 -0.51023000E+01
  0.30745324E+01 -0.51803000E+01
  0.31639439E+01 -0.53770000E+01
  
  0.00000000E+00 -0.48101000E+01
  0.89411573E-01 -0.49064000E+01
  0.17882315E+00 -0.50247000E+01
  0.26823472E+00 -0.51588000E+01
  0.35764629E+00 -0.53032000E+01
  0.44705787E+00 -0.54528000E+01
  0.53646944E+00 -0.56034000E+01
  0.62588101E+00 -0.57518000E+01
  0.71529259E+00 -0.58952000E+01
  0.80470416E+00 -0.60318000E+01
  0.89411573E+00 -0.61599000E+01
  0.98352731E+00 -0.62784000E+01
  0.10729389E+01 -0.63862000E+01
  0.11623505E+01 -0.64828000E+01
  0.12517620E+01 -0.65674000E+01
  0.13411736E+01 -0.66285000E+01
  0.14305852E+01 -0.64045000E+01
  0.15199967E+01 -0.61888000E+01
  0.16094083E+01 -0.60051000E+01
  0.16988199E+01 -0.58797000E+01
  0.17905341E+01 -0.58348000E+01
  0.18822482E+01 -0.58299000E+01
  0.19739624E+01 -0.58149000E+01
  0.20656765E+01 -0.57902000E+01
  0.21573907E+01 -0.57559000E+01
  0.22491049E+01 -0.57123000E+01
  0.23408190E+01 -0.56598000E+01
  0.24325332E+01 -0.54711000E+01
  0.25242474E+01 -0.51617000E+01
  0.26159615E+01 -0.48495000E+01
  0.27076757E+01 -0.45654000E+01
  0.27993899E+01 -0.45715000E+01
  0.28911040E+01 -0.47636000E+01
  0.29828182E+01 -0.49747000E+01
  0.30745324E+01 -0.50078000E+01
  0.31639439E+01 -0.49136000E+01
  
  0.00000000E+00 -0.48101000E+01
  0.89411573E-01 -0.47408000E+01
  0.17882315E+00 -0.47016000E+01
  0.26823472E+00 -0.46926000E+01
  0.35764629E+00 -0.47108000E+01
  0.44705787E+00 -0.47510000E+01
  0.53646944E+00 -0.48066000E+01
  0.62588101E+00 -0.48708000E+01
  0.71529259E+00 -0.49371000E+01
  0.80470416E+00 -0.49993000E+01
  0.89411573E+00 -0.50510000E+01
  0.98352731E+00 -0.50854000E+01
  0.10729389E+01 -0.50947000E+01
  0.11623505E+01 -0.50695000E+01
  0.12517620E+01 -0.50010000E+01
  0.13411736E+01 -0.48845000E+01
  0.14305852E+01 -0.47265000E+01
  0.15199967E+01 -0.45478000E+01
  0.16094083E+01 -0.43801000E+01
  0.16988199E+01 -0.42593000E+01
  0.17905341E+01 -0.42151000E+01
  0.18822482E+01 -0.42172000E+01
  0.19739624E+01 -0.42238000E+01
  0.20656765E+01 -0.42352000E+01
  0.21573907E+01 -0.42519000E+01
  0.22491049E+01 -0.42746000E+01
  0.23408190E+01 -0.43041000E+01
  0.24325332E+01 -0.43411000E+01
  0.25242474E+01 -0.43861000E+01
  0.26159615E+01 -0.44396000E+01
  0.27076757E+01 -0.45015000E+01
  0.27993899E+01 -0.45633000E+01
  0.28911040E+01 -0.46489000E+01
  0.29828182E+01 -0.47326000E+01
  0.30745324E+01 -0.48213000E+01
  0.31639439E+01 -0.49136000E+01
  
  0.00000000E+00 -0.42550000E+01
  0.89411573E-01 -0.43131000E+01
  0.17882315E+00 -0.43268000E+01
  0.26823472E+00 -0.42988000E+01
  0.35764629E+00 -0.42380000E+01
  0.44705787E+00 -0.41578000E+01
  0.53646944E+00 -0.40733000E+01
  0.62588101E+00 -0.39982000E+01
  0.71529259E+00 -0.39427000E+01
  0.80470416E+00 -0.39116000E+01
  0.89411573E+00 -0.39043000E+01
  0.98352731E+00 -0.39165000E+01
  0.10729389E+01 -0.39424000E+01
  0.11623505E+01 -0.39763000E+01
  0.12517620E+01 -0.40132000E+01
  0.13411736E+01 -0.40496000E+01
  0.14305852E+01 -0.40824000E+01
  0.15199967E+01 -0.41098000E+01
  0.16094083E+01 -0.41302000E+01
  0.16988199E+01 -0.41428000E+01
  0.17905341E+01 -0.41471000E+01
  0.18822482E+01 -0.41010000E+01
  0.19739624E+01 -0.39705000E+01
  0.20656765E+01 -0.37742000E+01
  0.21573907E+01 -0.35333000E+01
  0.22491049E+01 -0.32669000E+01
  0.23408190E+01 -0.33033000E+01
  0.24325332E+01 -0.35475000E+01
  0.25242474E+01 -0.37894000E+01
  0.26159615E+01 -0.40239000E+01
  0.27076757E+01 -0.42227000E+01
  0.27993899E+01 -0.41345000E+01
  0.28911040E+01 -0.38411000E+01
  0.29828182E+01 -0.35362000E+01
  0.30745324E+01 -0.32385000E+01
  0.31639439E+01 -0.29552000E+01
  
  0.00000000E+00 -0.42550000E+01
  0.89411573E-01 -0.41560000E+01
  0.17882315E+00 -0.40231000E+01
  0.26823472E+00 -0.38647000E+01
  0.35764629E+00 -0.36889000E+01
  0.44705787E+00 -0.35028000E+01
  0.53646944E+00 -0.33127000E+01
  0.62588101E+00 -0.31243000E+01
  0.71529259E+00 -0.29425000E+01
  0.80470416E+00 -0.27717000E+01
  0.89411573E+00 -0.26154000E+01
  0.98352731E+00 -0.24763000E+01
  0.10729389E+01 -0.23560000E+01
  0.11623505E+01 -0.22553000E+01
  0.12517620E+01 -0.21742000E+01
  0.13411736E+01 -0.21125000E+01
  0.14305852E+01 -0.20694000E+01
  0.15199967E+01 -0.20445000E+01
  0.16094083E+01 -0.20358000E+01
  0.16988199E+01 -0.20376000E+01
  0.17905341E+01 -0.20401000E+01
  0.18822482E+01 -0.21589000E+01
  0.19739624E+01 -0.23632000E+01
  0.20656765E+01 -0.25868000E+01
  0.21573907E+01 -0.28203000E+01
  0.22491049E+01 -0.30601000E+01
  0.23408190E+01 -0.29921000E+01
  0.24325332E+01 -0.27256000E+01
  0.25242474E+01 -0.24863000E+01
  0.26159615E+01 -0.22988000E+01
  0.27076757E+01 -0.21923000E+01
  0.27993899E+01 -0.21899000E+01
  0.28911040E+01 -0.22892000E+01
  0.29828182E+01 -0.24658000E+01
  0.30745324E+01 -0.26939000E+01
  0.31639439E+01 -0.29552000E+01
  
  0.00000000E+00 -0.87170000E+00
  0.89411573E-01 -0.89030000E+00
  0.17882315E+00 -0.85360000E+00
  0.26823472E+00 -0.88820000E+00
  0.35764629E+00 -0.10218000E+01
  0.44705787E+00 -0.11156000E+01
  0.53646944E+00 -0.11623000E+01
  0.62588101E+00 -0.11550000E+01
  0.71529259E+00 -0.10897000E+01
  0.80470416E+00 -0.96660000E+00
  0.89411573E+00 -0.10653000E+01
  0.98352731E+00 -0.11952000E+01
  0.10729389E+01 -0.13129000E+01
  0.11623505E+01 -0.14177000E+01
  0.12517620E+01 -0.15090000E+01
  0.13411736E+01 -0.15867000E+01
  0.14305852E+01 -0.16505000E+01
  0.15199967E+01 -0.17003000E+01
  0.16094083E+01 -0.17359000E+01
  0.16988199E+01 -0.17573000E+01
  0.17905341E+01 -0.17645000E+01
  0.18822482E+01 -0.16526000E+01
  0.19739624E+01 -0.14682000E+01
  0.20656765E+01 -0.12761000E+01
  0.21573907E+01 -0.10863000E+01
  0.22491049E+01 -0.92130000E+00
  0.23408190E+01 -0.82580000E+00
  0.24325332E+01 -0.75770000E+00
  0.25242474E+01 -0.68980000E+00
  0.26159615E+01 -0.61910000E+00
  0.27076757E+01 -0.56280000E+00
  0.27993899E+01 -0.57180000E+00
  0.28911040E+01 -0.52810000E+00
  0.29828182E+01 -0.46070000E+00
  0.30745324E+01 -0.39870000E+00
  0.31639439E+01 -0.36030000E+00
  
  0.00000000E+00 -0.87170000E+00
  0.89411573E-01 -0.80260000E+00
  0.17882315E+00 -0.72140000E+00
  0.26823472E+00 -0.76040000E+00
  0.35764629E+00 -0.61300000E+00
  0.44705787E+00 -0.41620000E+00
  0.53646944E+00 -0.47480000E+00
  0.62588101E+00 -0.61970000E+00
  0.71529259E+00 -0.77400000E+00
  0.80470416E+00 -0.92420000E+00
  0.89411573E+00 -0.79030000E+00
  0.98352731E+00 -0.56940000E+00
  0.10729389E+01 -0.31360000E+00
  0.11623505E+01 -0.33400000E-01
  0.12517620E+01  0.26090000E+00
  0.13411736E+01  0.42570000E+00
  0.14305852E+01 -0.25300000E-01
  0.15199967E+01 -0.40750000E+00
  0.16094083E+01 -0.69990000E+00
  0.16988199E+01 -0.88300000E+00
  0.17905341E+01 -0.94520000E+00
  0.18822482E+01 -0.94070000E+00
  0.19739624E+01 -0.92690000E+00
  0.20656765E+01 -0.90240000E+00
  0.21573907E+01 -0.86270000E+00
  0.22491049E+01 -0.78460000E+00
  0.23408190E+01 -0.62270000E+00
  0.24325332E+01 -0.41900000E+00
  0.25242474E+01 -0.38370000E+00
  0.26159615E+01 -0.49410000E+00
  0.27076757E+01 -0.54740000E+00
  0.27993899E+01 -0.47860000E+00
  0.28911040E+01 -0.41840000E+00
  0.29828182E+01 -0.37380000E+00
  0.30745324E+01 -0.35240000E+00
  0.31639439E+01 -0.36030000E+00
  
  0.00000000E+00 -0.30980000E+00
  0.89411573E-01 -0.52700000E+00
  0.17882315E+00 -0.69160000E+00
  0.26823472E+00 -0.55370000E+00
  0.35764629E+00 -0.42310000E+00
  0.44705787E+00 -0.38360000E+00
  0.53646944E+00 -0.17630000E+00
  0.62588101E+00  0.10040000E+00
  0.71529259E+00  0.40730000E+00
  0.80470416E+00  0.73770000E+00
  0.89411573E+00  0.10832000E+01
  0.98352731E+00  0.14297000E+01
  0.10729389E+01  0.17426000E+01
  0.11623505E+01  0.14619000E+01
  0.12517620E+01  0.92730000E+00
  0.13411736E+01  0.55820000E+00
  0.14305852E+01  0.84550000E+00
  0.15199967E+01  0.78490000E+00
  0.16094083E+01  0.49880000E+00
  0.16988199E+01  0.30880000E+00
  0.17905341E+01  0.24180000E+00
  0.18822482E+01  0.23180000E+00
  0.19739624E+01  0.20130000E+00
  0.20656765E+01  0.14990000E+00
  0.21573907E+01  0.76800000E-01
  0.22491049E+01 -0.17500000E-01
  0.23408190E+01 -0.13050000E+00
  0.24325332E+01 -0.25640000E+00
  0.25242474E+01 -0.20270000E+00
  0.26159615E+01  0.19100000E-01
  0.27076757E+01  0.24170000E+00
  0.27993899E+01  0.45990000E+00
  0.28911040E+01  0.66880000E+00
  0.29828182E+01  0.86470000E+00
  0.30745324E+01  0.10468000E+01
  0.31639439E+01  0.11483000E+01
  
  0.00000000E+00 -0.30980000E+00
  0.89411573E-01 -0.73400000E-01
  0.17882315E+00  0.17860000E+00
  0.26823472E+00  0.36410000E+00
  0.35764629E+00  0.21620000E+00
  0.44705787E+00  0.19960000E+00
  0.53646944E+00  0.34990000E+00
  0.62588101E+00  0.58590000E+00
  0.71529259E+00  0.86000000E+00
  0.80470416E+00  0.11548000E+01
  0.89411573E+00  0.14618000E+01
  0.98352731E+00  0.17737000E+01
  0.10729389E+01  0.19997000E+01
  0.11623505E+01  0.19192000E+01
  0.12517620E+01  0.18108000E+01
  0.13411736E+01  0.14986000E+01
  0.14305852E+01  0.11324000E+01
  0.15199967E+01  0.11069000E+01
  0.16094083E+01  0.13219000E+01
  0.16988199E+01  0.14664000E+01
  0.17905341E+01  0.15179000E+01
  0.18822482E+01  0.15027000E+01
  0.19739624E+01  0.14592000E+01
  0.20656765E+01  0.13928000E+01
  0.21573907E+01  0.13110000E+01
  0.22491049E+01  0.12221000E+01
  0.23408190E+01  0.11340000E+01
  0.24325332E+01  0.10537000E+01
  0.25242474E+01  0.98710000E+00
  0.26159615E+01  0.93860000E+00
  0.27076757E+01  0.91170000E+00
  0.27993899E+01  0.90850000E+00
  0.28911040E+01  0.93050000E+00
  0.29828182E+01  0.97790000E+00
  0.30745324E+01  0.10508000E+01
  0.31639439E+01  0.11483000E+01
  
  0.00000000E+00  0.10278000E+01
  0.89411573E-01  0.78920000E+00
  0.17882315E+00  0.56470000E+00
  0.26823472E+00  0.44330000E+00
  0.35764629E+00  0.71770000E+00
  0.44705787E+00  0.99870000E+00
  0.53646944E+00  0.12833000E+01
  0.62588101E+00  0.15683000E+01
  0.71529259E+00  0.18502000E+01
  0.80470416E+00  0.21226000E+01
  0.89411573E+00  0.23615000E+01
  0.98352731E+00  0.24041000E+01
  0.10729389E+01  0.20795000E+01
  0.11623505E+01  0.23409000E+01
  0.12517620E+01  0.24190000E+01
  0.13411736E+01  0.23680000E+01
  0.14305852E+01  0.23061000E+01
  0.15199967E+01  0.22539000E+01
  0.16094083E+01  0.22154000E+01
  0.16988199E+01  0.21920000E+01
  0.17905341E+01  0.21841000E+01
  0.18822482E+01  0.22028000E+01
  0.19739624E+01  0.22575000E+01
  0.20656765E+01  0.23176000E+01
  0.21573907E+01  0.23788000E+01
  0.22491049E+01  0.24560000E+01
  0.23408190E+01  0.25460000E+01
  0.24325332E+01  0.26205000E+01
  0.25242474E+01  0.24050000E+01
  0.26159615E+01  0.21766000E+01
  0.27076757E+01  0.19609000E+01
  0.27993899E+01  0.17604000E+01
  0.28911040E+01  0.15771000E+01
  0.29828182E+01  0.14129000E+01
  0.30745324E+01  0.12695000E+01
  0.31639439E+01  0.12184000E+01
  
  0.00000000E+00  0.10278000E+01
  0.89411573E-01  0.12761000E+01
  0.17882315E+00  0.15307000E+01
  0.26823472E+00  0.17885000E+01
  0.35764629E+00  0.20462000E+01
  0.44705787E+00  0.22996000E+01
  0.53646944E+00  0.25433000E+01
  0.62588101E+00  0.27700000E+01
  0.71529259E+00  0.29695000E+01
  0.80470416E+00  0.31264000E+01
  0.89411573E+00  0.30419000E+01
  0.98352731E+00  0.28927000E+01
  0.10729389E+01  0.27580000E+01
  0.11623505E+01  0.26383000E+01
  0.12517620E+01  0.25340000E+01
  0.13411736E+01  0.24451000E+01
  0.14305852E+01  0.23719000E+01
  0.15199967E+01  0.23143000E+01
  0.16094083E+01  0.22724000E+01
  0.16988199E+01  0.22465000E+01
  0.17905341E+01  0.22377000E+01
  0.18822482E+01  0.22466000E+01
  0.19739624E+01  0.22733000E+01
  0.20656765E+01  0.23451000E+01
  0.21573907E+01  0.24607000E+01
  0.22491049E+01  0.25993000E+01
  0.23408190E+01  0.27561000E+01
  0.24325332E+01  0.26434000E+01
  0.25242474E+01  0.24993000E+01
  0.26159615E+01  0.23005000E+01
  0.27076757E+01  0.21027000E+01
  0.27993899E+01  0.19117000E+01
  0.28911040E+01  0.17289000E+01
  0.29828182E+01  0.15541000E+01
  0.30745324E+01  0.13854000E+01
  0.31639439E+01  0.12184000E+01
  
  0.00000000E+00  0.45082000E+01
  0.89411573E-01  0.44519000E+01
  0.17882315E+00  0.43781000E+01
  0.26823472E+00  0.43084000E+01
  0.35764629E+00  0.41546000E+01
  0.44705787E+00  0.39612000E+01
  0.53646944E+00  0.37627000E+01
  0.62588101E+00  0.35676000E+01
  0.71529259E+00  0.33807000E+01
  0.80470416E+00  0.32049000E+01
  0.89411573E+00  0.30424000E+01
  0.98352731E+00  0.28927000E+01
  0.10729389E+01  0.27685000E+01
  0.11623505E+01  0.27028000E+01
  0.12517620E+01  0.28278000E+01
  0.13411736E+01  0.30801000E+01
  0.14305852E+01  0.32656000E+01
  0.15199967E+01  0.32058000E+01
  0.16094083E+01  0.31627000E+01
  0.16988199E+01  0.31365000E+01
  0.17905341E+01  0.31277000E+01
  0.18822482E+01  0.31363000E+01
  0.19739624E+01  0.31619000E+01
  0.20656765E+01  0.32033000E+01
  0.21573907E+01  0.32525000E+01
  0.22491049E+01  0.31345000E+01
  0.23408190E+01  0.28882000E+01
  0.24325332E+01  0.27920000E+01
  0.25242474E+01  0.28229000E+01
  0.26159615E+01  0.29554000E+01
  0.27076757E+01  0.31099000E+01
  0.27993899E+01  0.32801000E+01
  0.28911040E+01  0.34641000E+01
  0.29828182E+01  0.36605000E+01
  0.30745324E+01  0.38670000E+01
  0.31639439E+01  0.40796000E+01
  
  0.00000000E+00  0.45082000E+01
  0.89411573E-01  0.45179000E+01
  0.17882315E+00  0.44569000E+01
  0.26823472E+00  0.43278000E+01
  0.35764629E+00  0.42575000E+01
  0.44705787E+00  0.40620000E+01
  0.53646944E+00  0.38244000E+01
  0.62588101E+00  0.36033000E+01
  0.71529259E+00  0.33990000E+01
  0.80470416E+00  0.32118000E+01
  0.89411573E+00  0.32175000E+01
  0.98352731E+00  0.31071000E+01
  0.10729389E+01  0.31115000E+01
  0.11623505E+01  0.30244000E+01
  0.12517620E+01  0.31518000E+01
  0.13411736E+01  0.33420000E+01
  0.14305852E+01  0.33238000E+01
  0.15199967E+01  0.34800000E+01
  0.16094083E+01  0.35001000E+01
  0.16988199E+01  0.34888000E+01
  0.17905341E+01  0.34834000E+01
  0.18822482E+01  0.34954000E+01
  0.19739624E+01  0.35313000E+01
  0.20656765E+01  0.35911000E+01
  0.21573907E+01  0.33757000E+01
  0.22491049E+01  0.31963000E+01
  0.23408190E+01  0.29810000E+01
  0.24325332E+01  0.29274000E+01
  0.25242474E+01  0.31108000E+01
  0.26159615E+01  0.33051000E+01
  0.27076757E+01  0.35100000E+01
  0.27993899E+01  0.37259000E+01
  0.28911040E+01  0.39529000E+01
  0.29828182E+01  0.41907000E+01
  0.30745324E+01  0.42904000E+01
  0.31639439E+01  0.40796000E+01
  
  0.00000000E+00  0.54926000E+01
  0.89411573E-01  0.51748000E+01
  0.17882315E+00  0.48726000E+01
  0.26823472E+00  0.45863000E+01
  0.35764629E+00  0.43161000E+01
  0.44705787E+00  0.42353000E+01
  0.53646944E+00  0.42497000E+01
  0.62588101E+00  0.43058000E+01
  0.71529259E+00  0.43381000E+01
  0.80470416E+00  0.40634000E+01
  0.89411573E+00  0.34795000E+01
  0.98352731E+00  0.32134000E+01
  0.10729389E+01  0.32107000E+01
  0.11623505E+01  0.34863000E+01
  0.12517620E+01  0.34350000E+01
  0.13411736E+01  0.34582000E+01
  0.14305852E+01  0.36838000E+01
  0.15199967E+01  0.37039000E+01
  0.16094083E+01  0.38308000E+01
  0.16988199E+01  0.39421000E+01
  0.17905341E+01  0.39834000E+01
  0.18822482E+01  0.39326000E+01
  0.19739624E+01  0.37953000E+01
  0.20656765E+01  0.36014000E+01
  0.21573907E+01  0.35098000E+01
  0.22491049E+01  0.33913000E+01
  0.23408190E+01  0.34668000E+01
  0.24325332E+01  0.35779000E+01
  0.25242474E+01  0.37092000E+01
  0.26159615E+01  0.38586000E+01
  0.27076757E+01  0.40254000E+01
  0.27993899E+01  0.42088000E+01
  0.28911040E+01  0.44077000E+01
  0.29828182E+01  0.44910000E+01
  0.30745324E+01  0.44377000E+01
  0.31639439E+01  0.46684000E+01
  
  0.00000000E+00  0.54926000E+01
  0.89411573E-01  0.58257000E+01
  0.17882315E+00  0.56726000E+01
  0.26823472E+00  0.54718000E+01
  0.35764629E+00  0.52375000E+01
  0.44705787E+00  0.49976000E+01
  0.53646944E+00  0.47649000E+01
  0.62588101E+00  0.45443000E+01
  0.71529259E+00  0.43971000E+01
  0.80470416E+00  0.41471000E+01
  0.89411573E+00  0.39720000E+01
  0.98352731E+00  0.38131000E+01
  0.10729389E+01  0.36706000E+01
  0.11623505E+01  0.35445000E+01
  0.12517620E+01  0.38056000E+01
  0.13411736E+01  0.37401000E+01
  0.14305852E+01  0.38144000E+01
  0.15199967E+01  0.41394000E+01
  0.16094083E+01  0.43636000E+01
  0.16988199E+01  0.44296000E+01
  0.17905341E+01  0.44127000E+01
  0.18822482E+01  0.42713000E+01
  0.19739624E+01  0.40275000E+01
  0.20656765E+01  0.37628000E+01
  0.21573907E+01  0.36744000E+01
  0.22491049E+01  0.37806000E+01
  0.23408190E+01  0.39087000E+01
  0.24325332E+01  0.40572000E+01
  0.25242474E+01  0.42242000E+01
  0.26159615E+01  0.44074000E+01
  0.27076757E+01  0.46042000E+01
  0.27993899E+01  0.48091000E+01
  0.28911040E+01  0.46692000E+01
  0.29828182E+01  0.46170000E+01
  0.30745324E+01  0.47780000E+01
  0.31639439E+01  0.46684000E+01
  
  0.00000000E+00  0.60220000E+01
  0.89411573E-01  0.58365000E+01
  0.17882315E+00  0.61443000E+01
  0.26823472E+00  0.59337000E+01
  0.35764629E+00  0.56594000E+01
  0.44705787E+00  0.54011000E+01
  0.53646944E+00  0.51590000E+01
  0.62588101E+00  0.49333000E+01
  0.71529259E+00  0.47242000E+01
  0.80470416E+00  0.45317000E+01
  0.89411573E+00  0.43561000E+01
  0.98352731E+00  0.41974000E+01
  0.10729389E+01  0.40557000E+01
  0.11623505E+01  0.39316000E+01
  0.12517620E+01  0.38257000E+01
  0.13411736E+01  0.41472000E+01
  0.14305852E+01  0.45008000E+01
  0.15199967E+01  0.45393000E+01
  0.16094083E+01  0.44750000E+01
  0.16988199E+01  0.44722000E+01
  0.17905341E+01  0.45024000E+01
  0.18822482E+01  0.45503000E+01
  0.19739624E+01  0.45955000E+01
  0.20656765E+01  0.46461000E+01
  0.21573907E+01  0.47105000E+01
  0.22491049E+01  0.47912000E+01
  0.23408190E+01  0.48883000E+01
  0.24325332E+01  0.49527000E+01
  0.25242474E+01  0.49055000E+01
  0.26159615E+01  0.48825000E+01
  0.27076757E+01  0.48808000E+01
  0.27993899E+01  0.48370000E+01
  0.28911040E+01  0.48971000E+01
  0.29828182E+01  0.48920000E+01
  0.30745324E+01  0.49018000E+01
  0.31639439E+01  0.49379000E+01
  
  0.00000000E+00  0.60220000E+01
  0.89411573E-01  0.62555000E+01
  0.17882315E+00  0.61732000E+01
  0.26823472E+00  0.60842000E+01
  0.35764629E+00  0.60936000E+01
  0.44705787E+00  0.60724000E+01
  0.53646944E+00  0.59743000E+01
  0.62588101E+00  0.53731000E+01
  0.71529259E+00  0.47370000E+01
  0.80470416E+00  0.45885000E+01
  0.89411573E+00  0.47861000E+01
  0.98352731E+00  0.50361000E+01
  0.10729389E+01  0.49591000E+01
  0.11623505E+01  0.48445000E+01
  0.12517620E+01  0.48039000E+01
  0.13411736E+01  0.47042000E+01
  0.14305852E+01  0.46162000E+01
  0.15199967E+01  0.48538000E+01
  0.16094083E+01  0.48533000E+01
  0.16988199E+01  0.48160000E+01
  0.17905341E+01  0.48024000E+01
  0.18822482E+01  0.48125000E+01
  0.19739624E+01  0.48428000E+01
  0.20656765E+01  0.48928000E+01
  0.21573907E+01  0.49616000E+01
  0.22491049E+01  0.50473000E+01
  0.23408190E+01  0.50346000E+01
  0.24325332E+01  0.50087000E+01
  0.25242474E+01  0.51383000E+01
  0.26159615E+01  0.51796000E+01
  0.27076757E+01  0.50084000E+01
  0.27993899E+01  0.48900000E+01
  0.28911040E+01  0.49929000E+01
  0.29828182E+01  0.49893000E+01
  0.30745324E+01  0.49365000E+01
  0.31639439E+01  0.49379000E+01
  
  0.00000000E+00  0.66072000E+01
  0.89411573E-01  0.63326000E+01
  0.17882315E+00  0.62236000E+01
  0.26823472E+00  0.65340000E+01
  0.35764629E+00  0.69046000E+01
  0.44705787E+00  0.65927000E+01
  0.53646944E+00  0.60121000E+01
  0.62588101E+00  0.58250000E+01
  0.71529259E+00  0.56578000E+01
  0.80470416E+00  0.54900000E+01
  0.89411573E+00  0.53292000E+01
  0.98352731E+00  0.51790000E+01
  0.10729389E+01  0.50410000E+01
  0.11623505E+01  0.49160000E+01
  0.12517620E+01  0.48183000E+01
  0.13411736E+01  0.48423000E+01
  0.14305852E+01  0.49063000E+01
  0.15199967E+01  0.49082000E+01
  0.16094083E+01  0.51823000E+01
  0.16988199E+01  0.52381000E+01
  0.17905341E+01  0.52030000E+01
  0.18822482E+01  0.52762000E+01
  0.19739624E+01  0.53583000E+01
  0.20656765E+01  0.53266000E+01
  0.21573907E+01  0.52356000E+01
  0.22491049E+01  0.51308000E+01
  0.23408190E+01  0.51453000E+01
  0.24325332E+01  0.52423000E+01
  0.25242474E+01  0.52850000E+01
  0.26159615E+01  0.52878000E+01
  0.27076757E+01  0.54542000E+01
  0.27993899E+01  0.53705000E+01
  0.28911040E+01  0.52259000E+01
  0.29828182E+01  0.53241000E+01
  0.30745324E+01  0.51373000E+01
  0.31639439E+01  0.51707000E+01
  
  0.00000000E+00  0.66072000E+01
  0.89411573E-01  0.65283000E+01
  0.17882315E+00  0.65231000E+01
  0.26823472E+00  0.67889000E+01
  0.35764629E+00  0.69137000E+01
  0.44705787E+00  0.66940000E+01
  0.53646944E+00  0.64661000E+01
  0.62588101E+00  0.62513000E+01
  0.71529259E+00  0.60505000E+01
  0.80470416E+00  0.58642000E+01
  0.89411573E+00  0.56018000E+01
  0.98352731E+00  0.52088000E+01
  0.10729389E+01  0.53273000E+01
  0.11623505E+01  0.52689000E+01
  0.12517620E+01  0.51575000E+01
  0.13411736E+01  0.50605000E+01
  0.14305852E+01  0.49775000E+01
  0.15199967E+01  0.50315000E+01
  0.16094083E+01  0.52558000E+01
  0.16988199E+01  0.54383000E+01
  0.17905341E+01  0.55411000E+01
  0.18822482E+01  0.55811000E+01
  0.19739624E+01  0.56869000E+01
  0.20656765E+01  0.58310000E+01
  0.21573907E+01  0.59922000E+01
  0.22491049E+01  0.61594000E+01
  0.23408190E+01  0.59828000E+01
  0.24325332E+01  0.57612000E+01
  0.25242474E+01  0.56042000E+01
  0.26159615E+01  0.55795000E+01
  0.27076757E+01  0.55279000E+01
  0.27993899E+01  0.56357000E+01
  0.28911040E+01  0.56670000E+01
  0.29828182E+01  0.53794000E+01
  0.30745324E+01  0.54105000E+01
  0.31639439E+01  0.51707000E+01
  
  0.00000000E+00  0.68467000E+01
  0.89411573E-01  0.69229000E+01
  0.17882315E+00  0.72582000E+01
  0.26823472E+00  0.71796000E+01
  0.35764629E+00  0.69336000E+01
  0.44705787E+00  0.69554000E+01
  0.53646944E+00  0.69965000E+01
  0.62588101E+00  0.70651000E+01
  0.71529259E+00  0.66612000E+01
  0.80470416E+00  0.61009000E+01
  0.89411573E+00  0.56928000E+01
  0.98352731E+00  0.55364000E+01
  0.10729389E+01  0.53951000E+01
  0.11623505E+01  0.56512000E+01
  0.12517620E+01  0.59978000E+01
  0.13411736E+01  0.58990000E+01
  0.14305852E+01  0.56880000E+01
  0.15199967E+01  0.54955000E+01
  0.16094083E+01  0.53396000E+01
  0.16988199E+01  0.55477000E+01
  0.17905341E+01  0.57169000E+01
  0.18822482E+01  0.57304000E+01
  0.19739624E+01  0.58299000E+01
  0.20656765E+01  0.60563000E+01
  0.21573907E+01  0.63279000E+01
  0.22491049E+01  0.62172000E+01
  0.23408190E+01  0.63282000E+01
  0.24325332E+01  0.64976000E+01
  0.25242474E+01  0.64573000E+01
  0.26159615E+01  0.62334000E+01
  0.27076757E+01  0.61429000E+01
  0.27993899E+01  0.59869000E+01
  0.28911040E+01  0.58454000E+01
  0.29828182E+01  0.57098000E+01
  0.30745324E+01  0.55751000E+01
  0.31639439E+01  0.58223000E+01
  
  0.00000000E+00  0.68467000E+01
  0.89411573E-01  0.71762000E+01
  0.17882315E+00  0.74054000E+01
  0.26823472E+00  0.71829000E+01
  0.35764629E+00  0.70163000E+01
  0.44705787E+00  0.72729000E+01
  0.53646944E+00  0.75421000E+01
  0.62588101E+00  0.72304000E+01
  0.71529259E+00  0.70787000E+01
  0.80470416E+00  0.70089000E+01
  0.89411573E+00  0.68781000E+01
  0.98352731E+00  0.67124000E+01
  0.10729389E+01  0.65260000E+01
  0.11623505E+01  0.63253000E+01
  0.12517620E+01  0.61145000E+01
  0.13411736E+01  0.63537000E+01
  0.14305852E+01  0.66978000E+01
  0.15199967E+01  0.68439000E+01
  0.16094083E+01  0.67915000E+01
  0.16988199E+01  0.67582000E+01
  0.17905341E+01  0.67035000E+01
  0.18822482E+01  0.67396000E+01
  0.19739624E+01  0.67173000E+01
  0.20656765E+01  0.66217000E+01
  0.21573907E+01  0.64407000E+01
  0.22491049E+01  0.65888000E+01
  0.23408190E+01  0.68122000E+01
  0.24325332E+01  0.67119000E+01
  0.25242474E+01  0.66688000E+01
  0.26159615E+01  0.66136000E+01
  0.27076757E+01  0.63010000E+01
  0.27993899E+01  0.61838000E+01
  0.28911040E+01  0.59992000E+01
  0.29828182E+01  0.60498000E+01
  0.30745324E+01  0.60860000E+01
  0.31639439E+01  0.58223000E+01
  
  0.00000000E+00  0.79401000E+01
  0.89411573E-01  0.76653000E+01
  0.17882315E+00  0.74383000E+01
  0.26823472E+00  0.75810000E+01
  0.35764629E+00  0.77052000E+01
  0.44705787E+00  0.78343000E+01
  0.53646944E+00  0.81522000E+01
  0.62588101E+00  0.81294000E+01
  0.71529259E+00  0.79473000E+01
  0.80470416E+00  0.77749000E+01
  0.89411573E+00  0.76137000E+01
  0.98352731E+00  0.74646000E+01
  0.10729389E+01  0.73280000E+01
  0.11623505E+01  0.72044000E+01
  0.12517620E+01  0.70938000E+01
  0.13411736E+01  0.69965000E+01
  0.14305852E+01  0.69128000E+01
  0.15199967E+01  0.69904000E+01
  0.16094083E+01  0.71013000E+01
  0.16988199E+01  0.69075000E+01
  0.17905341E+01  0.67468000E+01
  0.18822482E+01  0.67431000E+01
  0.19739624E+01  0.68459000E+01
  0.20656765E+01  0.69723000E+01
  0.21573907E+01  0.69633000E+01
  0.22491049E+01  0.69648000E+01
  0.23408190E+01  0.69028000E+01
  0.24325332E+01  0.69657000E+01
  0.25242474E+01  0.68895000E+01
  0.26159615E+01  0.68430000E+01
  0.27076757E+01  0.67032000E+01
  0.27993899E+01  0.64069000E+01
  0.28911040E+01  0.64315000E+01
  0.29828182E+01  0.64062000E+01
  0.30745324E+01  0.63045000E+01
  0.31639439E+01  0.65278000E+01
  
  0.00000000E+00  0.79401000E+01
  0.89411573E-01  0.76941000E+01
  0.17882315E+00  0.75109000E+01
  0.26823472E+00  0.78340000E+01
  0.35764629E+00  0.80960000E+01
  0.44705787E+00  0.82304000E+01
  0.53646944E+00  0.81550000E+01
  0.62588101E+00  0.82252000E+01
  0.71529259E+00  0.82945000E+01
  0.80470416E+00  0.82366000E+01
  0.89411573E+00  0.80628000E+01
  0.98352731E+00  0.78866000E+01
  0.10729389E+01  0.77217000E+01
  0.11623505E+01  0.75716000E+01
  0.12517620E+01  0.74384000E+01
  0.13411736E+01  0.73237000E+01
  0.14305852E+01  0.72288000E+01
  0.15199967E+01  0.71546000E+01
  0.16094083E+01  0.71627000E+01
  0.16988199E+01  0.70694000E+01
  0.17905341E+01  0.70587000E+01
  0.18822482E+01  0.70718000E+01
  0.19739624E+01  0.70350000E+01
  0.20656765E+01  0.70165000E+01
  0.21573907E+01  0.72431000E+01
  0.22491049E+01  0.73781000E+01
  0.23408190E+01  0.74309000E+01
  0.24325332E+01  0.73414000E+01
  0.25242474E+01  0.73283000E+01
  0.26159615E+01  0.70479000E+01
  0.27076757E+01  0.70218000E+01
  0.27993899E+01  0.70293000E+01
  0.28911040E+01  0.67101000E+01
  0.29828182E+01  0.66034000E+01
  0.30745324E+01  0.67057000E+01
  0.31639439E+01  0.65278000E+01
  
  0.00000000E+00  0.79410000E+01
  0.89411573E-01  0.81609000E+01
  0.17882315E+00  0.83387000E+01
  0.26823472E+00  0.82454000E+01
  0.35764629E+00  0.81869000E+01
  0.44705787E+00  0.85134000E+01
  0.53646944E+00  0.82739000E+01
  0.62588101E+00  0.82980000E+01
  0.71529259E+00  0.83097000E+01
  0.80470416E+00  0.83378000E+01
  0.89411573E+00  0.84091000E+01
  0.98352731E+00  0.85157000E+01
  0.10729389E+01  0.86597000E+01
  0.11623505E+01  0.88372000E+01
  0.12517620E+01  0.90035000E+01
  0.13411736E+01  0.87523000E+01
  0.14305852E+01  0.82813000E+01
  0.15199967E+01  0.77948000E+01
  0.16094083E+01  0.73222000E+01
  0.16988199E+01  0.71805000E+01
  0.17905341E+01  0.71549000E+01
  0.18822482E+01  0.71188000E+01
  0.19739624E+01  0.71114000E+01
  0.20656765E+01  0.71784000E+01
  0.21573907E+01  0.72720000E+01
  0.22491049E+01  0.75156000E+01
  0.23408190E+01  0.74988000E+01
  0.24325332E+01  0.74365000E+01
  0.25242474E+01  0.73686000E+01
  0.26159615E+01  0.74597000E+01
  0.27076757E+01  0.73463000E+01
  0.27993899E+01  0.72062000E+01
  0.28911040E+01  0.73970000E+01
  0.29828182E+01  0.71312000E+01
  0.30745324E+01  0.69649000E+01
  0.31639439E+01  0.71039000E+01
  
  0.00000000E+00  0.79410000E+01
  0.89411573E-01  0.82069000E+01
  0.17882315E+00  0.83760000E+01
  0.26823472E+00  0.84728000E+01
  0.35764629E+00  0.86045000E+01
  0.44705787E+00  0.85150000E+01
  0.53646944E+00  0.83192000E+01
  0.62588101E+00  0.83181000E+01
  0.71529259E+00  0.85613000E+01
  0.80470416E+00  0.86058000E+01
  0.89411573E+00  0.88561000E+01
  0.98352731E+00  0.91766000E+01
  0.10729389E+01  0.95222000E+01
  0.11623505E+01  0.97087000E+01
  0.12517620E+01  0.93426000E+01
  0.13411736E+01  0.93734000E+01
  0.14305852E+01  0.93203000E+01
  0.15199967E+01  0.89794000E+01
  0.16094083E+01  0.88001000E+01
  0.16988199E+01  0.88442000E+01
  0.17905341E+01  0.89769000E+01
  0.18822482E+01  0.90084000E+01
  0.19739624E+01  0.86742000E+01
  0.20656765E+01  0.83497000E+01
  0.21573907E+01  0.80189000E+01
  0.22491049E+01  0.77133000E+01
  0.23408190E+01  0.78224000E+01
  0.24325332E+01  0.78664000E+01
  0.25242474E+01  0.76005000E+01
  0.26159615E+01  0.76485000E+01
  0.27076757E+01  0.76601000E+01
  0.27993899E+01  0.76616000E+01
  0.28911040E+01  0.74011000E+01
  0.29828182E+01  0.75945000E+01
  0.30745324E+01  0.73208000E+01
  0.31639439E+01  0.71039000E+01
  
